1 0.323934 0.784625 0.035971 0.074509
1 0.526758 0.822468 0.055443 0.080963
1 0.536988 0.606861 0.044221 0.079204
1 0.577579 0.635315 0.060721 0.109120
1 0.843214 0.780322 0.043146 0.081458
1 0.552202 0.315630 0.076232 0.119685
1 0.584047 0.436780 0.078542 0.072162
1 0.598069 0.523905 0.047857 0.125551
1 0.679750 0.365204 0.068641 0.056907
1 0.762352 0.838188 0.050490 0.076856
1 0.919510 0.505516 0.037365 0.086199
1 0.773307 0.643938 0.042240 0.066884
1 0.819508 0.538627 0.062042 0.097977
1 0.820004 0.440007 0.044883 0.098560
1 0.239122 0.762292 0.037953 0.071065
1 0.293904 0.647340 0.049833 0.075681
1 0.428052 0.582512 0.049500 0.159579
1 0.464188 0.598060 0.039932 0.136694
