10 0.744555 0.281903 0.043068 0.067944
10 0.694927 0.153870 0.032229 0.079611
10 0.600234 0.224859 0.041927 0.052227
10 0.429615 0.536345 0.031375 0.069977
10 0.413642 0.433157 0.029664 0.065407
10 0.533863 0.331998 0.033372 0.097356
10 0.553971 0.281294 0.039359 0.088227
10 0.010163 0.293542 0.020326 0.061361
10 0.200892 0.837847 0.023419 0.056093
10 0.126693 0.874213 0.065818 0.071852
10 0.114859 0.726970 0.031307 0.064856
10 0.193374 0.750419 0.039935 0.060042
10 0.282240 0.679644 0.035250 0.074500
10 0.274105 0.517056 0.047576 0.054343
10 0.513802 0.662914 0.038349 0.059088
