10 0.701134 0.165674 0.045872 0.083310
10 0.228464 0.631326 0.042901 0.080375
10 0.271034 0.696738 0.036302 0.070403
10 0.354031 0.634551 0.029370 0.050454
10 0.111314 0.703488 0.029034 0.067468
10 0.079134 0.912347 0.032669 0.066296
10 0.052568 0.937574 0.025740 0.074509
10 0.173186 0.897093 0.032669 0.068639
10 0.406668 0.858956 0.046201 0.075681
10 0.415578 0.405160 0.044880 0.104431
10 0.470359 0.521613 0.040260 0.088588
10 0.467884 0.269625 0.032013 0.063343
10 0.501380 0.153178 0.071943 0.089764
10 0.470854 0.064296 0.038609 0.080963
10 0.589492 0.164620 0.040260 0.055148
10 0.230773 0.015308 0.021781 0.028745
10 0.703940 0.022231 0.040260 0.041657
10 0.802777 0.316745 0.042570 0.069815
10 0.649910 0.347896 0.031060 0.061792
10 0.682697 0.453729 0.040430 0.071875
10 0.812854 0.486160 0.031063 0.076255
10 0.589146 0.613030 0.044620 0.080199
10 0.006809 0.380704 0.013617 0.069491
