10 0.302682 0.598060 0.040260 0.069231
10 0.522303 0.955935 0.037951 0.080963
10 0.636320 0.505951 0.050823 0.077440
10 0.551178 0.270692 0.042242 0.070403
10 0.460921 0.222289 0.054451 0.079199
10 0.743409 0.019296 0.033990 0.036963
10 0.126457 0.588380 0.023763 0.061602
10 0.207310 0.554940 0.036302 0.070991
10 0.174309 0.437602 0.027721 0.052213
10 0.120352 0.446109 0.041250 0.085653
10 0.332921 0.266125 0.039034 0.056778
10 0.269341 0.045322 0.036078 0.090421
10 0.234448 0.080546 0.049089 0.083065
10 0.107880 0.188843 0.033714 0.064139
10 0.231895 0.653796 0.026732 0.059843
10 0.249880 0.693102 0.036302 0.063361
10 0.299546 0.546139 0.026070 0.054565
