10 0.104677 0.213583 0.048495 0.078065
10 0.214444 0.661690 0.046492 0.081130
10 0.303290 0.744338 0.043924 0.059833
10 0.337232 0.857162 0.040500 0.089750
10 0.268940 0.514028 0.035510 0.082815
10 0.346070 0.543891 0.041620 0.066523
10 0.135987 0.259065 0.040854 0.060417
10 0.348743 0.458704 0.065294 0.120148
10 0.464056 0.474315 0.044674 0.093000
10 0.381581 0.690176 0.056891 0.102500
10 0.503194 0.657933 0.037419 0.055662
10 0.464247 0.731245 0.042000 0.073315
10 0.510258 0.833065 0.059182 0.065167
10 0.534885 0.732264 0.042000 0.088926
10 0.317738 0.100225 0.040857 0.071273
10 0.449547 0.968463 0.050021 0.063074
10 0.566768 0.906380 0.058422 0.104537
10 0.615643 0.717331 0.037802 0.057699
10 0.647716 0.557810 0.041620 0.073991
10 0.714728 0.564597 0.049638 0.072630
10 0.684372 0.755002 0.036276 0.088245
10 0.723510 0.887373 0.051167 0.099106
10 0.684181 0.939301 0.035128 0.078065
10 0.579871 0.392021 0.042612 0.072347
10 0.497845 0.292218 0.057523 0.081056
10 0.588607 0.255664 0.040479 0.067042
10 0.742112 0.417019 0.051771 0.092037
10 0.714307 0.294868 0.038776 0.060606
10 0.714841 0.203965 0.035578 0.065903
10 0.611297 0.134653 0.054328 0.068935
10 0.553453 0.151315 0.034089 0.056815
10 0.482398 0.151317 0.033448 0.080301
10 0.421677 0.149044 0.043677 0.070449
10 0.399626 0.261725 0.037924 0.062495
10 0.412620 0.006613 0.031307 0.013190
10 0.506910 0.013188 0.032044 0.023708
10 0.306092 0.285537 0.049638 0.069917
10 0.190780 0.500382 0.036654 0.084171
10 0.169401 0.581153 0.031302 0.069250
10 0.102004 0.581838 0.037799 0.101824
10 0.139289 0.834343 0.030234 0.059324
10 0.074971 0.722282 0.026526 0.058315
10 0.100478 0.041505 0.042383 0.061093
10 0.162333 0.098866 0.053073 0.056343
10 0.190971 0.162333 0.047729 0.090963
10 0.279746 0.107350 0.037419 0.077384
10 0.219991 0.281468 0.050784 0.135083
10 0.071457 0.397882 0.040857 0.074671
10 0.124914 0.370729 0.049255 0.058375
