10 0.650936 0.829806 0.051628 0.069972
10 0.790741 0.824806 0.034758 0.078148
10 0.818087 0.920678 0.044471 0.097236
10 0.734768 0.975560 0.034250 0.048880
10 0.851564 0.577623 0.049060 0.085431
10 0.931056 0.358625 0.040383 0.081787
10 0.862305 0.187782 0.042938 0.070880
10 0.761604 0.293650 0.050094 0.084514
10 0.626402 0.359079 0.054695 0.095417
10 0.739368 0.033752 0.034247 0.053616
10 0.856911 0.010287 0.036344 0.020574
10 0.170582 0.007074 0.039711 0.014148
10 0.268331 0.038294 0.032714 0.066338
10 0.339638 0.123715 0.028115 0.068153
10 0.322004 0.285924 0.030669 0.047255
10 0.431392 0.216405 0.044982 0.066338
10 0.347280 0.317727 0.042477 0.072694
10 0.396122 0.624884 0.039870 0.054528
10 0.290311 0.558546 0.030669 0.041806
10 0.154341 0.548097 0.031693 0.057250
10 0.026268 0.517653 0.035323 0.078148
10 0.504719 0.969199 0.037365 0.061602
10 0.578863 0.773009 0.058784 0.081787
