10 0.501437 0.175505 0.025964 0.052269
10 0.535992 0.150049 0.045437 0.101819
10 0.764328 0.108981 0.046203 0.063130
10 0.788574 0.383560 0.033602 0.076028
10 0.791629 0.470787 0.037419 0.098426
10 0.917633 0.504387 0.028255 0.062449
10 0.989363 0.495900 0.021273 0.060412
10 0.872939 0.964958 0.033638 0.069917
10 0.699990 0.826484 0.036656 0.064486
10 0.662379 0.839042 0.050018 0.065167
10 0.675934 0.915745 0.045055 0.084176
10 0.379251 0.846847 0.039711 0.065843
10 0.276898 0.860764 0.047391 0.078741
10 0.108380 0.209104 0.028255 0.073310
10 0.359587 0.124252 0.033221 0.031227
10 0.358250 0.081488 0.025964 0.054301
10 0.250001 0.036007 0.046966 0.069236
10 0.608273 0.270130 0.042000 0.067880
10 0.584790 0.697440 0.042383 0.091639
10 0.564935 0.619037 0.047729 0.061093
10 0.544508 0.416752 0.045818 0.089606
10 0.245725 0.598674 0.049258 0.095032
10 0.449889 0.009519 0.027492 0.019037
