10 0.600026 0.575993 0.036292 0.077245
10 0.726794 0.463766 0.052651 0.072699
10 0.781743 0.147979 0.055206 0.071792
10 0.762060 0.214769 0.030151 0.063611
10 0.719638 0.241579 0.043448 0.060889
10 0.981354 0.309734 0.030156 0.069977
10 0.735228 0.605074 0.041914 0.071787
10 0.299460 0.737748 0.030159 0.059069
10 0.502905 0.880421 0.034247 0.075426
10 0.280547 0.073917 0.056740 0.094509
10 0.096784 0.404241 0.042937 0.057250
10 0.273135 0.580537 0.043958 0.071787
10 0.345978 0.530558 0.051628 0.093597
10 0.452043 0.480123 0.048049 0.078153
10 0.510827 0.214317 0.036805 0.068153
10 0.598236 0.217498 0.040893 0.061792
10 0.640663 0.302009 0.043961 0.074519
10 0.593892 0.353352 0.045492 0.057250
10 0.240421 0.172970 0.034758 0.059977
10 0.610505 0.767986 0.050094 0.097731
