10 0.439056 0.781963 0.043070 0.090259
10 0.344647 0.844331 0.053336 0.090255
10 0.338516 0.928502 0.041073 0.086199
10 0.596583 0.612100 0.036224 0.054764
10 0.757306 0.498771 0.029091 0.068449
10 0.457966 0.267806 0.048203 0.079102
10 0.541107 0.295947 0.037078 0.054255
10 0.561930 0.394065 0.034797 0.048676
10 0.692702 0.266030 0.037935 0.092792
10 0.735913 0.233083 0.048487 0.091796
10 0.715948 0.105799 0.048490 0.054255
10 0.835740 0.042674 0.034797 0.058819
10 0.940559 0.362373 0.027096 0.065412
10 0.889497 0.826623 0.035271 0.087236
10 0.111622 0.281243 0.037932 0.067440
10 0.260793 0.618690 0.036221 0.052731
10 0.279052 0.774611 0.032219 0.064398
10 0.363329 0.644044 0.034227 0.060847
10 0.421658 0.589028 0.036794 0.089750
10 0.432638 0.699060 0.039359 0.074537
10 0.474694 0.779174 0.039102 0.062366
10 0.241826 0.651903 0.040500 0.067435
10 0.323969 0.629593 0.044495 0.096852
10 0.315128 0.466319 0.044495 0.105972
10 0.218010 0.348935 0.046490 0.097352
