10 0.341070 0.079558 0.039714 0.057847
10 0.231201 0.727951 0.031021 0.063949
10 0.130714 0.814780 0.063693 0.073338
10 0.582419 0.819451 0.038854 0.065801
10 0.748880 0.806194 0.044010 0.054343
10 0.690520 0.472144 0.045055 0.056343
10 0.781014 0.279021 0.045820 0.063810
10 0.693957 0.188741 0.047346 0.080102
10 0.563370 0.183988 0.035891 0.062449
10 0.492292 0.087667 0.037469 0.073185
10 0.421186 0.109141 0.032810 0.048644
10 0.372993 0.093363 0.043904 0.063542
10 0.230542 0.618241 0.042901 0.069815
10 0.327771 0.229000 0.041167 0.079759
10 0.031547 0.112521 0.029042 0.052218
10 0.142264 0.563681 0.033992 0.068639
