10 0.296587 0.253160 0.044180 0.065190
10 0.141960 0.413382 0.030924 0.063616
10 0.091816 0.728720 0.026951 0.069116
10 0.217065 0.700838 0.039760 0.066759
10 0.302772 0.829252 0.056549 0.089532
10 0.346951 0.731468 0.047714 0.066759
10 0.449225 0.801764 0.026951 0.065972
10 0.519690 0.689058 0.039760 0.087181
10 0.599434 0.542972 0.039320 0.084037
10 0.632793 0.652134 0.036237 0.062028
10 0.701487 0.688664 0.033135 0.072255
10 0.808620 0.636044 0.032693 0.078542
10 0.085853 0.075266 0.031810 0.047125
10 0.287751 0.315993 0.030924 0.055764
10 0.415648 0.270044 0.048156 0.078542
