1 0.172130 0.608914 0.055771 0.099736
1 0.466652 0.370188 0.059565 0.064486
2 0.203813 0.300829 0.036583 0.081019
1 0.554280 0.174183 0.053133 0.103255
1 0.446516 0.101139 0.069995 0.112056
1 0.060917 0.098206 0.025411 0.085069
1 0.124608 0.218475 0.037951 0.059255
1 0.098868 0.247225 0.028049 0.068644
1 0.049531 0.346081 0.079203 0.069227
1 0.850464 0.721850 0.064682 0.100319
1 0.619622 0.866174 0.073594 0.148431
1 0.614177 0.672275 0.040922 0.075097
1 0.668134 0.431442 0.039930 0.115579
1 0.694758 0.027931 0.046964 0.052944
