10 0.839893 0.654185 0.041516 0.097389
10 0.260272 0.188440 0.036227 0.062833
10 0.384193 0.087116 0.037552 0.065991
10 0.477633 0.075343 0.045063 0.087963
10 0.382867 0.315285 0.045505 0.090319
10 0.744031 0.422100 0.046828 0.135875
10 0.834155 0.402465 0.038878 0.082468
10 0.457279 0.520745 0.050057 0.065843
10 0.282076 0.985458 0.032839 0.028509
10 0.260311 0.614829 0.032076 0.071954
10 0.655507 0.881940 0.029018 0.059056
10 0.851957 0.869042 0.028638 0.041407
10 0.990413 0.249970 0.019174 0.075347
10 0.950089 0.339572 0.028635 0.056338
