10 0.256428 0.719340 0.049628 0.084681
10 0.226909 0.826583 0.036792 0.077074
10 0.313901 0.835458 0.033943 0.070481
10 0.311333 0.685113 0.039646 0.060847
10 0.344848 0.735315 0.038221 0.057806
10 0.348271 0.842051 0.034797 0.055269
10 0.475336 0.845345 0.048203 0.084171
10 0.522539 0.865627 0.050198 0.067949
10 0.532094 0.767259 0.031089 0.077074
10 0.548495 0.564690 0.031375 0.064398
10 0.463499 0.361866 0.031945 0.062370
10 0.340997 0.311919 0.052766 0.066931
10 0.470059 0.214310 0.036508 0.068454
10 0.763124 0.230537 0.053336 0.086704
10 0.809615 0.260961 0.044781 0.080625
10 0.768970 0.382907 0.031945 0.059833
10 0.888478 0.073602 0.043352 0.052731
10 0.990587 0.339046 0.018826 0.053241
10 0.920422 0.719850 0.045635 0.071495
10 0.353861 0.547655 0.026810 0.052745
10 0.270547 0.589789 0.044208 0.074032
10 0.232185 0.558604 0.035937 0.066421
10 0.159027 0.038109 0.041357 0.064903
10 0.140772 0.219127 0.044779 0.066931
