10 0.537258 0.686280 0.034797 0.090255
10 0.085130 0.074257 0.031307 0.052153
10 0.362948 0.142840 0.032292 0.056968
10 0.298238 0.342678 0.043878 0.085894
10 0.251891 0.412799 0.036490 0.070995
10 0.394254 0.431641 0.045112 0.091153
10 0.530082 0.371822 0.039195 0.081079
10 0.617594 0.369850 0.046099 0.098162
10 0.692779 0.313317 0.055958 0.096412
10 0.530983 0.025076 0.045065 0.045634
10 0.712525 0.047389 0.035081 0.055778
10 0.990245 0.129785 0.019510 0.046144
10 0.991671 0.167560 0.016659 0.036509
10 0.859129 0.559771 0.036794 0.065412
10 0.682292 0.599826 0.044208 0.071495
10 0.640221 0.621125 0.028521 0.058315
10 0.835456 0.906597 0.046490 0.087722
10 0.796809 0.983595 0.042784 0.032810
10 0.198102 0.524257 0.034979 0.067468
10 0.051005 0.896759 0.023010 0.048481
10 0.112685 0.958120 0.038562 0.059843
