1 0.270354 0.638928 0.042766 0.145264
1 0.219451 0.456028 0.045063 0.065972
1 0.418152 0.100178 0.044471 0.115412
1 0.373171 0.179238 0.038336 0.086329
1 0.278350 0.337815 0.072586 0.083602
1 0.292661 0.231037 0.046005 0.140852
1 0.247424 0.109266 0.033224 0.059069
1 0.217010 0.067012 0.038849 0.103597
1 0.550698 0.484667 0.038849 0.093602
1 0.593892 0.526012 0.047539 0.067245
1 0.705326 0.397880 0.056740 0.107231
1 0.660854 0.100722 0.057760 0.132676
1 0.803229 0.214919 0.063875 0.118810
1 0.813875 0.295354 0.074521 0.058884
1 0.768630 0.388407 0.060917 0.083065
1 0.890503 0.618924 0.042755 0.087273
1 0.888815 0.905421 0.038323 0.132602
1 0.643479 0.627718 0.050365 0.065972
1 0.715491 0.700368 0.055664 0.184569
1 0.647676 0.758488 0.066711 0.074616
1 0.623820 0.855484 0.037552 0.108384
1 0.466322 0.665810 0.041529 0.173574
1 0.501224 0.759667 0.049479 0.102102
1 0.551809 0.780873 0.041086 0.081681
1 0.567049 0.857449 0.045062 0.101315
1 0.409111 0.514227 0.083497 0.080898
1 0.438931 0.458856 0.042414 0.067546
1 0.362060 0.708613 0.069802 0.078542
1 0.401379 0.881796 0.048596 0.063620
1 0.324967 0.938664 0.052138 0.122671
1 0.030230 0.967792 0.044471 0.064417
1 0.160833 0.951887 0.038849 0.096227
1 0.173867 0.801088 0.042427 0.150852
1 0.221151 0.824715 0.042937 0.083606
1 0.570815 0.975590 0.064911 0.048819
1 0.108874 0.308734 0.045544 0.123588
1 0.080273 0.262843 0.033224 0.073611
1 0.263896 0.025507 0.066474 0.051014
1 0.028358 0.417794 0.030320 0.053903
1 0.533062 0.375162 0.093542 0.107231
1 0.595680 0.377435 0.042938 0.075426
1 0.695378 0.815479 0.034109 0.075755
1 0.375448 0.384741 0.033661 0.092694
1 0.090241 0.188326 0.034758 0.084514
1 0.177139 0.129713 0.037826 0.145398
1 0.156438 0.328273 0.036292 0.068157
1 0.069258 0.407333 0.063437 0.120861
1 0.534596 0.284745 0.046516 0.075426
1 0.082073 0.726968 0.054219 0.147981
1 0.200198 0.697384 0.059766 0.077444
