10 0.352914 0.276023 0.041661 0.081074
10 0.348848 0.341759 0.036482 0.053028
10 0.317910 0.503032 0.042648 0.065296
10 0.094195 0.726898 0.029948 0.075046
10 0.370289 0.879521 0.048203 0.077069
10 0.358453 0.783940 0.045635 0.121185
10 0.485518 0.811576 0.033943 0.054764
10 0.410363 0.721826 0.037648 0.095329
10 0.659645 0.705095 0.035367 0.060847
10 0.700859 0.680755 0.037365 0.066935
10 0.763181 0.649572 0.036508 0.077579
10 0.668345 0.511398 0.037935 0.081130
10 0.085986 0.074164 0.031367 0.055764
10 0.142517 0.411657 0.031060 0.061352
