10 0.321730 0.545060 0.029336 0.049083
10 0.117947 0.326042 0.028336 0.064389
10 0.096430 0.421299 0.034302 0.067801
10 0.153716 0.557278 0.030557 0.067056
10 0.211168 0.625039 0.043607 0.064505
10 0.133266 0.718266 0.038354 0.074412
10 0.202177 0.792958 0.028807 0.066491
10 0.191996 0.981488 0.045211 0.037023
10 0.370036 0.797824 0.033661 0.065120
10 0.377132 0.899907 0.045211 0.079204
10 0.315585 0.703662 0.036299 0.069231
10 0.442309 0.772861 0.048180 0.084426
10 0.521840 0.762917 0.034982 0.077444
10 0.565072 0.921907 0.034982 0.064537
10 0.619029 0.939215 0.028052 0.060431
10 0.629590 0.983248 0.040591 0.033505
10 0.738987 0.919532 0.040922 0.064472
10 0.738986 0.832116 0.039602 0.084426
10 0.747401 0.730944 0.051151 0.083898
10 0.681896 0.661715 0.035641 0.076856
10 0.643615 0.617713 0.043562 0.079204
10 0.859935 0.486562 0.028708 0.051569
10 0.542961 0.450509 0.054120 0.082722
10 0.422673 0.370426 0.035971 0.063361
10 0.386810 0.369324 0.033281 0.067491
10 0.295478 0.327035 0.051768 0.095097
10 0.470992 0.123032 0.027609 0.061352
10 0.505382 0.089507 0.027362 0.061792
10 0.793009 0.082718 0.043893 0.072750
