10 0.330629 0.186829 0.044523 0.068454
10 0.300254 0.325509 0.043096 0.086204
10 0.193737 0.347565 0.022818 0.055269
10 0.221974 0.272775 0.018823 0.033468
10 0.177337 0.382553 0.031091 0.050199
10 0.237533 0.426947 0.037393 0.073069
10 0.388522 0.394375 0.039320 0.083250
10 0.387861 0.205093 0.033576 0.084824
10 0.463628 0.445426 0.041969 0.076972
10 0.489473 0.566377 0.033576 0.056551
10 0.522607 0.520826 0.042411 0.069116
10 0.578271 0.494123 0.040646 0.095819
10 0.224840 0.591905 0.041529 0.055764
10 0.261288 0.718748 0.039320 0.059690
