10 0.122003 0.301843 0.032672 0.076269
10 0.179094 0.349072 0.030031 0.059255
10 0.231896 0.257257 0.034651 0.065708
10 0.317543 0.358440 0.045539 0.063083
10 0.340583 0.445465 0.049203 0.080375
10 0.124113 0.494745 0.030690 0.056907
10 0.007484 0.530035 0.013661 0.080958
10 0.784641 0.015456 0.030839 0.030912
10 0.694923 0.100167 0.034758 0.058741
10 0.791186 0.329794 0.041414 0.066616
10 0.960909 0.738891 0.040182 0.092468
10 0.939462 0.823252 0.038211 0.068366
10 0.858977 0.574553 0.035990 0.090718
10 0.755935 0.672280 0.045849 0.095097
10 0.280043 0.715044 0.036961 0.065708
10 0.372776 0.855850 0.031021 0.061014
10 0.733491 0.870146 0.032565 0.059597
10 0.740775 0.756204 0.041169 0.080639
10 0.204174 0.098852 0.033990 0.052806
10 0.160613 0.168081 0.033331 0.043412
