1 0.543680 0.304523 0.046828 0.106028
1 0.753733 0.570384 0.048586 0.066907
1 0.927751 0.315067 0.042003 0.116079
1 0.871814 0.350366 0.072930 0.109287
1 0.948943 0.868296 0.037802 0.078065
1 0.658943 0.638859 0.051167 0.116079
1 0.211628 0.924637 0.043146 0.140514
1 0.388954 0.906792 0.051935 0.170398
1 0.325948 0.875220 0.045057 0.134403
1 0.386553 0.699262 0.054154 0.117338
1 0.595147 0.393667 0.064060 0.076972
1 0.488014 0.411338 0.079523 0.102889
1 0.430361 0.357539 0.043737 0.100532
1 0.447590 0.302951 0.045503 0.060477
1 0.486247 0.214988 0.053016 0.085606
1 0.495966 0.138803 0.050365 0.074616
1 0.434336 0.047303 0.047271 0.064403
1 0.393471 0.152155 0.073339 0.091894
