10 0.102883 0.874405 0.024818 0.054986
10 0.151785 0.176514 0.036294 0.049981
10 0.137728 0.631792 0.073607 0.108139
10 0.393310 0.313278 0.046005 0.069065
10 0.440594 0.557275 0.045495 0.073606
10 0.570428 0.492301 0.033227 0.056343
10 0.670617 0.271475 0.046516 0.110866
10 0.713556 0.284653 0.051628 0.122676
10 0.652983 0.162426 0.033737 0.043620
10 0.538482 0.076551 0.042938 0.077241
10 0.961363 0.451213 0.033034 0.072750
10 0.881501 0.677674 0.043529 0.069227
10 0.864367 0.984109 0.039328 0.031782
10 0.293798 0.799396 0.034747 0.066523
