1 0.330556 0.688907 0.080435 0.139843
1 0.373139 0.174755 0.037852 0.080963
1 0.383784 0.088009 0.083984 0.075704
1 0.423410 0.207875 0.041398 0.134583
1 0.403302 0.324058 0.043766 0.068347
1 0.359535 0.565889 0.075706 0.083065
1 0.335879 0.507009 0.047315 0.106194
1 0.594335 0.206822 0.057961 0.088319
1 0.541993 0.252035 0.043174 0.082014
1 0.519223 0.308287 0.034305 0.080963
1 0.417496 0.472836 0.046133 0.090421
1 0.379053 0.462322 0.036669 0.105144
1 0.470854 0.128442 0.047026 0.066338
1 0.593910 0.811109 0.075987 0.146088
1 0.630359 0.749456 0.052573 0.106032
1 0.480496 0.312000 0.042424 0.073185
1 0.366966 0.286771 0.057359 0.123218
1 0.497077 0.979194 0.086388 0.041611
1 0.468962 0.883419 0.065940 0.059069
1 0.413246 0.882509 0.034247 0.075426
1 0.516150 0.375053 0.060096 0.048366
1 0.584234 0.324553 0.075042 0.157995
1 0.622406 0.909678 0.062292 0.073042
1 0.105514 0.310389 0.033711 0.146148
1 0.229419 0.466002 0.083984 0.114606
