1 0.458723 0.189148 0.045945 0.078537
1 0.230760 0.300282 0.072453 0.121741
1 0.243572 0.487208 0.029159 0.079324
1 0.301005 0.557109 0.047714 0.109171
1 0.287806 0.663234 0.039872 0.086329
1 0.179439 0.759558 0.075654 0.084514
1 0.263783 0.973113 0.055206 0.028171
1 0.565880 0.437870 0.050094 0.146296
1 0.602428 0.064829 0.057763 0.081787
1 0.684725 0.151613 0.051628 0.064523
1 0.614184 0.736387 0.058784 0.105412
1 0.830404 0.683241 0.040391 0.079074
1 0.827085 0.775917 0.055206 0.111778
1 0.910660 0.402426 0.041404 0.057250
1 0.899926 0.323366 0.043451 0.077241
1 0.692190 0.973435 0.061719 0.053130
