1 0.251109 0.712111 0.032161 0.115574
1 0.302091 0.521113 0.036953 0.074208
1 0.361284 0.404324 0.069115 0.071778
1 0.410895 0.368438 0.052008 0.121653
1 0.729783 0.190822 0.088961 0.094894
1 0.709937 0.561868 0.045167 0.104625
1 0.689750 0.425616 0.044479 0.104620
1 0.887514 0.489475 0.048586 0.100958
1 0.969632 0.436565 0.036268 0.072991
1 0.964158 0.044229 0.047216 0.083940
1 0.563529 0.886326 0.045495 0.073606
1 0.618733 0.907229 0.037315 0.068153
1 0.836491 0.976106 0.065940 0.047787
1 0.884029 0.966296 0.027094 0.059065
1 0.884029 0.829530 0.026068 0.085421
1 0.769784 0.799998 0.032714 0.088144
1 0.359828 0.951569 0.057250 0.096861
