1 0.245402 0.648773 0.069971 0.072704
1 0.343556 0.113387 0.047664 0.101792
1 0.316833 0.961229 0.075703 0.057829
1 0.662230 0.412905 0.079253 0.069394
1 0.830493 0.982259 0.052638 0.030491
1 0.872486 0.815606 0.052638 0.094630
1 0.813934 0.716243 0.064466 0.095681
1 0.980684 0.363713 0.038633 0.069065
1 0.910763 0.444590 0.067474 0.147218
1 0.947311 0.253757 0.044471 0.116319
1 0.826353 0.165292 0.062102 0.144046
1 0.532707 0.263074 0.052044 0.070444
1 0.171637 0.242572 0.065648 0.092523
1 0.219844 0.599000 0.068594 0.067278
1 0.479182 0.941449 0.052635 0.117102
