10 0.487415 0.561090 0.030669 0.064523
10 0.550034 0.698310 0.050604 0.093602
10 0.480233 0.897600 0.039820 0.072329
10 0.538539 0.909176 0.031682 0.097389
10 0.650742 0.834377 0.047521 0.085069
10 0.776477 0.874271 0.033661 0.075681
10 0.833072 0.569194 0.045872 0.089759
10 0.674999 0.360630 0.040591 0.076269
10 0.832247 0.187558 0.040922 0.069227
10 0.927290 0.340389 0.036961 0.076852
10 0.739514 0.033553 0.034982 0.058079
10 0.854193 0.010350 0.039932 0.020005
10 0.285760 0.041292 0.039359 0.064519
10 0.435277 0.128532 0.047029 0.069972
10 0.358603 0.103995 0.033737 0.062704
10 0.367292 0.263025 0.031693 0.066338
10 0.342501 0.271204 0.023003 0.057250
10 0.298285 0.527012 0.034758 0.067245
10 0.163081 0.545641 0.032203 0.059069
10 0.027086 0.515199 0.036344 0.081787
10 0.166891 0.006333 0.039922 0.012667
10 0.543388 0.328910 0.049583 0.098144
10 0.400517 0.509292 0.033737 0.064519
