10 0.605176 0.503701 0.045945 0.074616
10 0.646484 0.568106 0.037552 0.069898
10 0.622406 0.630153 0.037109 0.079324
10 0.914207 0.557109 0.024299 0.063616
10 0.935414 0.356046 0.035786 0.071472
10 0.925031 0.198965 0.047714 0.068329
10 0.636986 0.229204 0.045945 0.084824
10 0.235630 0.922852 0.062693 0.097787
10 0.422055 0.659998 0.039318 0.095032
10 0.360424 0.422412 0.028276 0.065972
10 0.509087 0.329736 0.044622 0.056546
10 0.348594 0.784062 0.041401 0.091477
10 0.202264 0.155769 0.035341 0.051056
10 0.321327 0.012824 0.030482 0.022778
10 0.420066 0.212711 0.026508 0.051838
10 0.208449 0.416521 0.038878 0.073042
10 0.023118 0.500169 0.021648 0.051838
