1 0.138271 0.623873 0.073922 0.096218
1 0.314826 0.905775 0.040260 0.110884
1 0.986383 0.955877 0.027234 0.065773
1 0.341260 0.240058 0.055063 0.074949
1 0.453759 0.525898 0.034982 0.080963
1 0.835250 0.741796 0.042240 0.088000
1 0.741858 0.670808 0.067982 0.065708
1 0.682785 0.721264 0.048841 0.079787
1 0.670411 0.601873 0.061052 0.086245
1 0.645495 0.390373 0.052802 0.082134
1 0.459701 0.363093 0.064021 0.095630
1 0.037784 0.095859 0.025411 0.075097
1 0.032009 0.162447 0.036961 0.068644
1 0.260539 0.148954 0.041911 0.073333
1 0.167642 0.222289 0.033003 0.068644
1 0.116822 0.220822 0.039602 0.073921
1 0.144706 0.365442 0.056432 0.106190
1 0.229189 0.381282 0.038612 0.053389
1 0.251629 0.307653 0.041253 0.100907
1 0.337267 0.528245 0.039602 0.085657
1 0.255589 0.954208 0.043891 0.091583
1 0.897914 0.182699 0.037854 0.122361
