10 0.624654 0.725884 0.040854 0.080778
10 0.578453 0.772720 0.031693 0.056338
10 0.513540 0.744211 0.030164 0.087569
10 0.396701 0.863681 0.061474 0.106574
10 0.429829 0.635808 0.036669 0.076968
10 0.470697 0.640125 0.044180 0.093463
10 0.544254 0.575331 0.043737 0.059690
10 0.483245 0.039197 0.026375 0.028486
10 0.518188 0.400579 0.045505 0.063620
10 0.502505 0.510144 0.042411 0.075398
10 0.423645 0.505824 0.039320 0.054194
10 0.320928 0.545093 0.025622 0.068333
10 0.267694 0.452417 0.028716 0.080898
10 0.305908 0.333035 0.023857 0.055764
10 0.634820 0.478333 0.039318 0.076185
