10 0.475286 0.550613 0.032448 0.057699
10 0.576467 0.481375 0.050018 0.098426
10 0.052073 0.864062 0.023760 0.075681
10 0.113454 0.927715 0.037622 0.057495
10 0.235559 0.974944 0.032341 0.045176
10 0.460391 0.634447 0.043911 0.081458
10 0.371616 0.517352 0.031310 0.094352
10 0.735490 0.890521 0.046531 0.086829
10 0.811885 0.564326 0.036302 0.075097
10 0.991250 0.166556 0.017500 0.032852
10 0.990424 0.128127 0.019151 0.049866
10 0.670807 0.014312 0.029370 0.025227
10 0.523953 0.187676 0.045870 0.093870
10 0.463891 0.083245 0.037292 0.077444
10 0.182724 0.009062 0.034651 0.018125
10 0.144607 0.031912 0.025740 0.060426
10 0.730538 0.975181 0.042570 0.049639
