1 0.663906 0.661123 0.035891 0.074671
1 0.765297 0.155028 0.032063 0.058630
1 0.740103 0.173757 0.069622 0.125403
1 0.684221 0.278801 0.058630 0.084685
1 0.832629 0.478306 0.038477 0.099343
1 0.361757 0.263329 0.040310 0.063519
1 0.407785 0.863475 0.046253 0.068403
1 0.376036 0.560100 0.066734 0.086699
1 0.393806 0.627995 0.029763 0.068213
1 0.021823 0.904229 0.039792 0.095625
1 0.971904 0.083289 0.053927 0.072181
1 0.151055 0.587424 0.040307 0.135171
1 0.322823 0.516579 0.074203 0.078176
1 0.582768 0.049178 0.035510 0.097069
