10 0.145555 0.477148 0.044359 0.052574
10 0.156792 0.294722 0.052635 0.089370
10 0.012483 0.526037 0.023065 0.085167
10 0.278331 0.256345 0.042583 0.054671
10 0.257040 0.367271 0.035487 0.057829
10 0.349510 0.154058 0.037292 0.067468
10 0.377396 0.302194 0.031021 0.063361
10 0.443397 0.289581 0.029039 0.067468
10 0.529694 0.108002 0.052471 0.049282
10 0.488609 0.419826 0.048182 0.067468
10 0.500324 0.549484 0.045211 0.062773
10 0.675724 0.636312 0.050823 0.089764
10 0.588767 0.779169 0.043232 0.083310
10 0.557251 0.715222 0.030362 0.068056
10 0.505109 0.679725 0.038281 0.085069
10 0.456598 0.741035 0.005940 0.010560
10 0.373931 0.841650 0.033331 0.054560
10 0.290768 0.694981 0.037953 0.061602
10 0.764992 0.811435 0.037292 0.092694
10 0.808387 0.643644 0.038940 0.076269
10 0.931811 0.645111 0.030362 0.069815
10 0.983953 0.674444 0.031021 0.090935
10 0.825878 0.438306 0.036302 0.088000
10 0.663184 0.290461 0.038940 0.078616
10 0.731993 0.013838 0.034659 0.026398
