10 0.641728 0.807347 0.035497 0.079759
10 0.669582 0.695815 0.075924 0.088963
10 0.738482 0.791130 0.044125 0.070120
10 0.764120 0.891926 0.033771 0.069241
10 0.877021 0.975984 0.031307 0.048032
10 0.906603 0.979574 0.043138 0.040315
10 0.975996 0.987597 0.031060 0.024806
10 0.926427 0.407405 0.031120 0.059579
10 0.884904 0.456512 0.033880 0.068745
10 0.673880 0.328678 0.042354 0.061218
10 0.611181 0.448326 0.034435 0.073986
10 0.564870 0.428194 0.051557 0.079546
10 0.557781 0.555375 0.045849 0.076602
10 0.451073 0.470921 0.027109 0.068556
10 0.160168 0.678502 0.030815 0.063106
10 0.465773 0.248271 0.034365 0.049551
10 0.485630 0.113530 0.040474 0.066523
10 0.545768 0.114546 0.046203 0.080778
10 0.736302 0.235375 0.045438 0.071278
10 0.324225 0.598611 0.033086 0.059324
10 0.027915 0.428486 0.034018 0.055657
10 0.074876 0.542648 0.030320 0.059602
10 0.187161 0.841965 0.037964 0.076255
10 0.482728 0.771410 0.048315 0.067486
