10 0.250177 0.269752 0.040260 0.087412
10 0.185826 0.843704 0.043891 0.084481
10 0.226087 0.812903 0.028711 0.068639
10 0.462538 0.853090 0.053461 0.133764
10 0.497189 0.904426 0.027060 0.055731
10 0.539100 0.680019 0.058742 0.075093
10 0.622592 0.706421 0.048841 0.097389
10 0.595201 0.375530 0.031021 0.066884
10 0.838089 0.264940 0.040260 0.056907
10 0.742056 0.060187 0.036299 0.067468
10 0.755569 0.017333 0.033695 0.034667
10 0.144409 0.426104 0.037292 0.070403
10 0.010591 0.291461 0.021120 0.060431
10 0.939286 0.858433 0.034948 0.064773
