10 0.233611 0.559866 0.038940 0.072750
10 0.269911 0.589787 0.044880 0.075093
10 0.821522 0.510292 0.047190 0.078028
10 0.345319 0.736458 0.036633 0.058667
10 0.793141 0.481544 0.035312 0.059255
10 0.811621 0.420238 0.041253 0.099736
10 0.643152 0.359222 0.049503 0.075093
10 0.599260 0.377116 0.037620 0.070991
10 0.989496 0.338688 0.020789 0.056319
10 0.878449 0.145377 0.039602 0.076856
10 0.350764 0.823873 0.037622 0.061014
10 0.515768 0.801873 0.038943 0.093282
10 0.560320 0.844993 0.052802 0.069227
10 0.581111 0.744671 0.046862 0.071574
10 0.858978 0.682190 0.036961 0.082722
10 0.158342 0.038514 0.041357 0.061861
10 0.313969 0.834141 0.034651 0.072162
10 0.227176 0.827687 0.039273 0.079199
10 0.256547 0.720324 0.047193 0.087417
10 0.312814 0.684535 0.039602 0.059255
10 0.140230 0.220294 0.049060 0.067440
10 0.343736 0.312579 0.054477 0.065407
