1 0.561327 0.115030 0.032445 0.082023
1 0.876745 0.691021 0.047271 0.120949
1 0.349279 0.819299 0.028380 0.125551
1 0.423556 0.554813 0.062956 0.102190
1 0.312355 0.565762 0.060904 0.070560
1 0.366758 0.428292 0.035583 0.075426
1 0.730124 0.917343 0.050638 0.104620
1 0.436678 0.955361 0.046279 0.089278
1 0.485706 0.859132 0.034365 0.092319
1 0.507393 0.659569 0.049682 0.104093
1 0.553230 0.655891 0.052638 0.159819
1 0.311924 0.702681 0.038443 0.141944
1 0.193047 0.614884 0.040807 0.132481
1 0.176794 0.400799 0.045849 0.149634
1 0.472757 0.354569 0.043794 0.135037
1 0.567534 0.375250 0.056797 0.071778
1 0.515184 0.108218 0.052008 0.109491
1 0.375585 0.052894 0.071169 0.105787
1 0.204107 0.125826 0.042885 0.074764
1 0.665111 0.304519 0.050935 0.058889
1 0.603337 0.090701 0.058690 0.088977
1 0.217684 0.798060 0.051576 0.119037
1 0.355820 0.311988 0.048776 0.089829
1 0.251223 0.566160 0.036273 0.077384
