10 0.973259 0.315333 0.033523 0.069241
10 0.991190 0.429058 0.017620 0.061792
10 0.987738 0.474414 0.024523 0.063986
10 0.354927 0.627727 0.032172 0.068556
10 0.976216 0.575428 0.035005 0.074060
10 0.794613 0.880576 0.043633 0.069681
10 0.745681 0.987947 0.034018 0.024106
10 0.035772 0.642687 0.044956 0.071208
10 0.043443 0.827713 0.032172 0.070074
10 0.293036 0.765218 0.036219 0.067796
10 0.279400 0.573752 0.038352 0.059847
10 0.251171 0.204648 0.041971 0.068556
10 0.888212 0.409556 0.048315 0.092907
