10 0.092228 0.724056 0.030805 0.068454
10 0.298585 0.799354 0.053909 0.090255
10 0.347073 0.711634 0.049344 0.075046
10 0.450322 0.802144 0.030518 0.062370
10 0.519488 0.682984 0.037648 0.086708
10 0.602915 0.550641 0.042497 0.073523
10 0.633005 0.654590 0.034797 0.056282
10 0.701887 0.689831 0.033372 0.070986
10 0.808702 0.637097 0.034227 0.076056
10 0.416809 0.250718 0.051341 0.087213
10 0.299583 0.244380 0.041641 0.067435
10 0.289316 0.305995 0.037643 0.057824
10 0.141999 0.412965 0.032799 0.060829
10 0.085810 0.072741 0.033370 0.054759
10 0.253378 0.596280 0.038792 0.069468
