10 0.176092 0.286407 0.028841 0.064861
10 0.221574 0.222646 0.039935 0.080199
10 0.247827 0.550449 0.035253 0.073185
10 0.218370 0.749412 0.038948 0.088963
10 0.189527 0.808134 0.033523 0.083704
10 0.182255 0.864009 0.043141 0.079759
10 0.191253 0.940264 0.043385 0.075380
10 0.286898 0.826322 0.037964 0.070995
10 0.416316 0.760148 0.052753 0.071870
10 0.472645 0.407801 0.033279 0.056093
10 0.497911 0.464991 0.073953 0.073185
10 0.500125 0.524597 0.042906 0.073176
10 0.588753 0.319715 0.028349 0.050838
10 0.742944 0.218481 0.035992 0.080639
10 0.785098 0.287065 0.029581 0.070556
10 0.743066 0.034201 0.050534 0.067051
10 0.502349 0.140475 0.034510 0.044699
10 0.490517 0.247843 0.043388 0.090278
10 0.750573 0.678778 0.032229 0.063889
10 0.670540 0.920796 0.039872 0.081435
10 0.904964 0.344574 0.033370 0.053241
10 0.970137 0.429507 0.028523 0.053745
10 0.893555 0.164315 0.039646 0.097352
10 0.322103 0.050065 0.049820 0.058167
