10 0.316444 0.521028 0.037951 0.079204
10 0.132793 0.507241 0.037622 0.064537
10 0.104413 0.723727 0.041581 0.068056
10 0.431947 0.066056 0.051810 0.066880
10 0.513622 0.158167 0.031021 0.093870
10 0.535404 0.207741 0.026401 0.049870
10 0.646947 0.263475 0.043560 0.053384
10 0.975635 0.099792 0.033661 0.044000
10 0.981053 0.147604 0.037893 0.061014
10 0.901219 0.255553 0.032010 0.061014
10 0.980091 0.940507 0.034651 0.099153
10 0.535569 0.695859 0.040591 0.068644
10 0.590845 0.583509 0.034320 0.098565
10 0.662788 0.646576 0.033003 0.059255
10 0.390201 0.090991 0.043562 0.058083
