10 0.889042 0.375178 0.037292 0.062190
10 0.272585 0.029917 0.038612 0.058083
10 0.272090 0.114398 0.034982 0.069815
10 0.398319 0.222347 0.035971 0.061602
10 0.102299 0.685532 0.036630 0.063361
10 0.513491 0.978877 0.035310 0.042245
10 0.840201 0.964208 0.038609 0.071574
10 0.912473 0.557049 0.028049 0.065708
10 0.890197 0.439421 0.042904 0.062778
10 0.871716 0.306829 0.035641 0.069815
10 0.701762 0.474035 0.039602 0.080375
10 0.739217 0.374007 0.031352 0.052801
10 0.703086 0.119387 0.036953 0.099736
10 0.781953 0.025516 0.044880 0.049282
10 0.478146 0.440713 0.045818 0.073991
