1 0.581624 0.437775 0.047029 0.068153
1 0.496514 0.570449 0.040383 0.157213
1 0.377668 0.469581 0.052138 0.079060
1 0.198147 0.905097 0.059487 0.055519
1 0.116896 0.447502 0.052693 0.057699
1 0.108878 0.517421 0.038182 0.080778
1 0.108303 0.775708 0.032456 0.078741
1 0.062676 0.799806 0.045055 0.091639
1 0.026211 0.557470 0.049255 0.114718
1 0.784693 0.139743 0.066661 0.125551
1 0.943681 0.868972 0.045492 0.082694
1 0.938315 0.510019 0.038849 0.113593
1 0.234470 0.843546 0.051690 0.057333
1 0.725962 0.840799 0.086591 0.098958
1 0.645113 0.804669 0.038878 0.092681
1 0.712992 0.555456 0.053161 0.081782
1 0.718871 0.453678 0.069008 0.123588
1 0.566544 0.231037 0.040380 0.114500
