10 0.608694 0.056157 0.057190 0.078009
10 0.190736 0.231016 0.030815 0.081514
10 0.130464 0.473801 0.035005 0.098167
10 0.155115 0.532523 0.032542 0.064861
10 0.169905 0.694894 0.037471 0.079324
10 0.494930 0.623021 0.041167 0.068801
10 0.519951 0.531868 0.050781 0.077569
10 0.447353 0.424498 0.051029 0.093347
10 0.422578 0.216333 0.037469 0.083704
10 0.773857 0.160896 0.026130 0.059597
10 0.790004 0.292148 0.059409 0.103861
10 0.938402 0.368840 0.043138 0.074940
10 0.898714 0.915546 0.026870 0.054343
