10 0.446376 0.499771 0.039711 0.065162
10 0.417549 0.575118 0.041620 0.073310
10 0.459932 0.564937 0.034745 0.059736
10 0.506326 0.568671 0.044292 0.052269
10 0.492734 0.619648 0.039271 0.069815
10 0.521609 0.658664 0.038943 0.063366
10 0.540419 0.813549 0.042901 0.069227
10 0.429207 0.931764 0.054122 0.087417
10 0.301031 0.929125 0.039271 0.062185
10 0.142592 0.955252 0.036273 0.065847
10 0.464323 0.366722 0.057276 0.126259
10 0.420031 0.355183 0.046583 0.084171
10 0.376693 0.367063 0.045438 0.083495
10 0.292499 0.320903 0.049638 0.098426
10 0.366001 0.445125 0.033982 0.052269
10 0.394831 0.459382 0.032073 0.082134
10 0.350346 0.500449 0.031693 0.067880
10 0.303763 0.548306 0.045438 0.078065
10 0.438551 0.204829 0.032456 0.060417
10 0.409721 0.237412 0.035130 0.052269
10 0.365238 0.268975 0.053076 0.095032
10 0.396548 0.298502 0.042383 0.057699
