10 0.139530 0.037174 0.031367 0.054977
10 0.669734 0.560995 0.032719 0.059491
10 0.957284 0.191111 0.032250 0.056546
10 0.584413 0.232738 0.041086 0.061264
10 0.657087 0.144773 0.052133 0.092676
10 0.756710 0.308137 0.041086 0.061264
10 0.953749 0.489565 0.049039 0.108389
10 0.820107 0.811581 0.040646 0.076968
10 0.708534 0.793125 0.048198 0.066759
10 0.376329 0.939211 0.039320 0.068329
10 0.190115 0.571639 0.028276 0.057333
10 0.448563 0.549648 0.082172 0.112315
10 0.399303 0.413773 0.041086 0.063620
10 0.316689 0.164407 0.049039 0.076972
