10 0.345651 0.215553 0.048109 0.073986
10 0.206281 0.785074 0.040474 0.061769
10 0.081996 0.937468 0.028638 0.074667
10 0.258021 0.965977 0.057656 0.061093
10 0.369133 0.989097 0.028635 0.021806
10 0.727862 0.905565 0.046583 0.100463
10 0.816828 0.806458 0.040474 0.082815
10 0.757837 0.762674 0.042383 0.087569
10 0.791507 0.497947 0.035742 0.061356
10 0.895288 0.317611 0.040674 0.079324
10 0.890480 0.251875 0.035497 0.063546
10 0.852395 0.171238 0.040180 0.071431
10 0.988370 0.458417 0.023172 0.063546
10 0.249701 0.015532 0.030812 0.030676
10 0.407888 0.590935 0.028255 0.053630
10 0.500482 0.505065 0.047729 0.076028
10 0.304986 0.669678 0.037039 0.046838
