10 0.261612 0.552199 0.037198 0.093296
10 0.480415 0.027278 0.041529 0.052620
10 0.488367 0.105032 0.043297 0.071472
10 0.381234 0.271537 0.037552 0.069898
10 0.201704 0.735606 0.035497 0.078009
10 0.473562 0.946303 0.031693 0.079060
10 0.041118 0.818627 0.022492 0.049069
10 0.980301 0.301775 0.034018 0.064403
10 0.225852 0.669870 0.028620 0.051713
10 0.250464 0.296669 0.041089 0.065190
10 0.992249 0.463963 0.015503 0.062046
10 0.904975 0.423907 0.045945 0.093463
10 0.033443 0.644044 0.043354 0.072005
