10 0.600185 0.539567 0.033990 0.059255
10 0.314563 0.643410 0.050823 0.100319
10 0.942898 0.051741 0.040260 0.090352
10 0.867919 0.610688 0.034365 0.058375
10 0.656286 0.203398 0.057094 0.082722
10 0.445081 0.437778 0.037292 0.076269
10 0.370004 0.495565 0.042242 0.066296
10 0.500027 0.540449 0.032341 0.059843
10 0.659421 0.546900 0.034982 0.053977
10 0.563389 0.650157 0.050820 0.075093
10 0.571803 0.757227 0.049831 0.081546
10 0.506957 0.858722 0.034982 0.094454
10 0.226285 0.745192 0.037951 0.068069
10 0.891582 0.491461 0.037951 0.055736
10 0.193779 0.710586 0.047521 0.066884
10 0.248395 0.560981 0.040591 0.095046
10 0.281066 0.482072 0.045211 0.072162
10 0.319677 0.037660 0.044552 0.075097
10 0.188663 0.207505 0.031352 0.056907
10 0.294596 0.901551 0.041250 0.058083
10 0.851651 0.269400 0.041911 0.078616
10 0.249715 0.786560 0.038612 0.058083
