10 0.411682 0.005563 0.032292 0.009245
10 0.100419 0.039831 0.041911 0.063949
10 0.163451 0.099380 0.053130 0.057491
10 0.191007 0.161861 0.047523 0.088593
10 0.104380 0.210850 0.044552 0.080958
10 0.135730 0.259544 0.037289 0.065708
10 0.124990 0.368565 0.048063 0.063380
10 0.072940 0.396574 0.039802 0.080917
10 0.190241 0.496590 0.036924 0.082329
10 0.169393 0.580479 0.031193 0.066773
10 0.100799 0.579065 0.038833 0.105250
10 0.074332 0.719259 0.028102 0.058722
10 0.139535 0.833861 0.027362 0.058287
10 0.214228 0.659440 0.047086 0.081954
10 0.302971 0.743363 0.043141 0.065736
10 0.336497 0.855991 0.039687 0.092028
10 0.380746 0.690118 0.057190 0.102986
10 0.463697 0.728461 0.040674 0.073625
10 0.502522 0.657468 0.037471 0.059602
10 0.535061 0.732187 0.041414 0.092468
10 0.510410 0.829914 0.059164 0.064421
10 0.614684 0.712905 0.038456 0.059162
10 0.448906 0.966780 0.046099 0.066440
10 0.564520 0.903539 0.052997 0.101236
10 0.684694 0.937725 0.036977 0.074940
10 0.724505 0.884257 0.052016 0.100356
10 0.684816 0.752347 0.039195 0.090713
10 0.646854 0.556451 0.041661 0.074940
10 0.714768 0.564343 0.050781 0.078444
10 0.741884 0.414683 0.053247 0.091153
10 0.714275 0.293289 0.038456 0.065736
10 0.580172 0.388606 0.043385 0.074065
10 0.588431 0.252532 0.040674 0.066611
10 0.611973 0.133551 0.054727 0.067926
10 0.553303 0.148449 0.035003 0.055657
10 0.496853 0.290222 0.058669 0.078009
10 0.482062 0.149984 0.033526 0.080634
10 0.422283 0.146917 0.043633 0.070120
10 0.399480 0.258449 0.037471 0.062667
10 0.306422 0.284306 0.045604 0.066176
10 0.279553 0.103970 0.037716 0.073625
10 0.316776 0.098491 0.042646 0.074065
10 0.218172 0.280361 0.052505 0.136296
10 0.507822 0.012794 0.033279 0.023708
10 0.715211 0.202310 0.036484 0.065296
10 0.267799 0.512111 0.034979 0.084481
10 0.346012 0.544377 0.042242 0.069227
10 0.464650 0.471014 0.047852 0.091463
10 0.348322 0.455201 0.067982 0.117338
