10 0.535802 0.777743 0.039708 0.073310
10 0.109870 0.273049 0.037802 0.078060
10 0.049923 0.421028 0.042383 0.049556
10 0.209527 0.354845 0.046966 0.108606
10 0.247711 0.231301 0.038563 0.089602
10 0.219837 0.490947 0.035508 0.076708
10 0.117507 0.586657 0.032456 0.054981
10 0.194064 0.817113 0.031310 0.069236
10 0.224609 0.692891 0.032839 0.066523
10 0.276539 0.743801 0.037422 0.082815
10 0.281503 0.987836 0.010693 0.018329
10 0.331905 0.766542 0.048112 0.067204
10 0.382689 0.838836 0.041237 0.080097
10 0.394142 0.715632 0.037419 0.059060
10 0.477764 0.699340 0.039711 0.090282
10 0.460391 0.851734 0.053839 0.089606
10 0.453518 0.973241 0.037802 0.052944
10 0.538094 0.668454 0.030547 0.058380
10 0.622096 0.728190 0.032839 0.057019
10 0.733973 0.737692 0.035893 0.059736
10 0.718318 0.898572 0.045057 0.073310
10 0.860854 0.714072 0.038182 0.087569
10 0.792889 0.557606 0.029018 0.058380
10 0.823053 0.529773 0.032076 0.057019
10 0.773033 0.472414 0.031310 0.059060
10 0.711940 0.520271 0.036656 0.081458
10 0.651421 0.531470 0.042383 0.068560
10 0.577727 0.541653 0.039328 0.054981
10 0.486660 0.487009 0.044294 0.093676
10 0.500789 0.362785 0.036656 0.066523
10 0.590328 0.381456 0.045438 0.068560
10 0.589754 0.247389 0.041237 0.084176
10 0.426905 0.280988 0.032456 0.068560
10 0.438359 0.383491 0.040094 0.072630
10 0.394639 0.466644 0.032076 0.050231
10 0.288299 0.476148 0.049255 0.086889
10 0.333355 0.413019 0.037039 0.070593
10 0.325529 0.264019 0.032073 0.056343
10 0.271500 0.056984 0.051547 0.065847
10 0.310637 0.068861 0.037419 0.076028
10 0.383375 0.019988 0.035510 0.038014
10 0.386048 0.102123 0.042383 0.077384
10 0.421367 0.082100 0.030547 0.046838
10 0.466615 0.055287 0.029401 0.057019
10 0.460505 0.138093 0.067583 0.099093
10 0.551762 0.142512 0.034747 0.057699
10 0.505178 0.020854 0.034747 0.041708
10 0.645311 0.015542 0.037039 0.027898
10 0.649130 0.158771 0.027109 0.055051
10 0.718622 0.158125 0.046964 0.121509
10 0.883578 0.068734 0.011833 0.030681
