10 0.415010 0.761308 0.043141 0.068847
10 0.458520 0.744854 0.038456 0.057847
10 0.449768 0.802919 0.033771 0.064421
10 0.141943 0.950002 0.034797 0.065921
10 0.426508 0.934519 0.056714 0.080204
10 0.476501 0.979368 0.036643 0.040921
10 0.502281 0.957926 0.046219 0.083148
10 0.525850 0.911931 0.042904 0.061870
10 0.564889 0.880995 0.029279 0.060231
10 0.568686 0.591907 0.035497 0.053463
10 0.344137 0.114900 0.066961 0.115412
10 0.489052 0.018118 0.039870 0.034532
10 0.697637 0.065058 0.034320 0.056319
10 0.681301 0.148368 0.041253 0.075097
10 0.755884 0.175062 0.035971 0.060431
10 0.739878 0.249572 0.032339 0.054560
10 0.827824 0.195301 0.066992 0.085657
10 0.870397 0.044523 0.016831 0.029333
10 0.893398 0.706537 0.047521 0.062185
10 0.901814 0.777525 0.035971 0.073921
10 0.720572 0.129009 0.040591 0.076269
10 0.035986 0.045375 0.041237 0.065167
10 0.110633 0.017597 0.041620 0.035194
10 0.187383 0.045375 0.035510 0.070593
10 0.153590 0.397676 0.055747 0.093676
10 0.049923 0.423812 0.040091 0.050912
10 0.144807 0.563646 0.032839 0.057699
10 0.221555 0.513074 0.046583 0.086889
10 0.264703 0.294838 0.036656 0.079417
10 0.344505 0.327764 0.036656 0.069231
10 0.327647 0.417442 0.035992 0.074940
10 0.298806 0.480549 0.035992 0.082829
10 0.286233 0.567102 0.034513 0.084139
10 0.310022 0.549134 0.033773 0.062231
10 0.340096 0.546722 0.030813 0.073185
10 0.369313 0.536426 0.038937 0.078009
10 0.396892 0.581738 0.035003 0.059162
10 0.364353 0.611319 0.032044 0.069241
10 0.334772 0.632576 0.041414 0.074940
10 0.441240 0.541727 0.034510 0.062667
10 0.491527 0.440495 0.046836 0.094222
10 0.378527 0.787164 0.038701 0.088042
