1 0.217064 0.271067 0.028716 0.144514
1 0.069375 0.194766 0.041286 0.106681
6 0.736382 0.687722 0.045935 0.088750
1 0.970536 0.069218 0.045062 0.070685
1 0.956178 0.842840 0.041086 0.065977
1 0.894991 0.915491 0.037992 0.058907
1 0.718275 0.958687 0.045065 0.082468
1 0.496497 0.523181 0.045062 0.065972
1 0.575798 0.109271 0.046388 0.095819
1 0.693092 0.263211 0.053898 0.100532
1 0.640078 0.423435 0.063620 0.072259
1 0.413219 0.330363 0.078198 0.104458
1 0.455852 0.166213 0.056547 0.187713
1 0.188569 0.571877 0.035341 0.069116
1 0.249536 0.438748 0.039760 0.055764
1 0.189893 0.276956 0.039760 0.057338
