10 0.188036 0.210495 0.031021 0.061602
10 0.284927 0.496153 0.041250 0.067472
10 0.296078 0.936426 0.033464 0.085926
10 0.247306 0.576234 0.045211 0.086829
10 0.658661 0.546606 0.033661 0.056907
10 0.571540 0.656317 0.044883 0.083894
10 0.573850 0.780106 0.049503 0.065120
10 0.506693 0.861363 0.039271 0.104431
10 0.190380 0.721438 0.052141 0.085069
10 0.867559 0.612317 0.037622 0.060431
10 0.890328 0.493806 0.040922 0.052213
10 0.857163 0.279667 0.043232 0.074509
10 0.365615 0.499674 0.040922 0.068644
10 0.312483 0.646637 0.052143 0.100912
10 0.942966 0.052329 0.039271 0.092694
10 0.654538 0.204866 0.059732 0.085657
10 0.601736 0.540741 0.035971 0.056907
10 0.272552 0.817361 0.038281 0.079787
10 0.444156 0.445111 0.038281 0.073333
10 0.219585 0.761921 0.040591 0.066296
