10 0.486366 0.292868 0.017820 0.030505
10 0.092687 0.250852 0.041620 0.076028
10 0.211629 0.564801 0.031310 0.064491
10 0.180508 0.659495 0.047729 0.061093
10 0.261033 0.736076 0.041742 0.087588
10 0.228264 0.849745 0.039602 0.086241
10 0.423466 0.856787 0.039271 0.066296
10 0.629556 0.701903 0.041581 0.063944
10 0.684997 0.605981 0.031682 0.059843
10 0.694406 0.403572 0.042562 0.089181
10 0.796870 0.388028 0.036302 0.044000
10 0.774430 0.180049 0.048182 0.082134
10 0.735654 0.143968 0.048510 0.063944
10 0.769810 0.055086 0.040260 0.053977
10 0.532863 0.070340 0.036961 0.052801
10 0.594574 0.017243 0.042242 0.029921
10 0.366044 0.077380 0.043891 0.069231
10 0.349379 0.101729 0.041581 0.060431
10 0.307335 0.529009 0.052471 0.095630
10 0.360632 0.470044 0.033659 0.078616
10 0.384228 0.497912 0.028711 0.049870
10 0.478773 0.438660 0.035641 0.054560
10 0.969401 0.440699 0.028255 0.059491
