10 0.252341 0.028650 0.053943 0.052699
10 0.081832 0.966542 0.037112 0.066917
10 0.101271 0.043611 0.044177 0.062046
10 0.171958 0.113907 0.042411 0.058120
10 0.080728 0.238394 0.044622 0.091889
10 0.122919 0.287088 0.035344 0.085611
10 0.173945 0.259993 0.041969 0.064403
10 0.173284 0.325574 0.045062 0.066759
10 0.165552 0.389583 0.037552 0.064407
10 0.036991 0.467731 0.039320 0.071472
10 0.074542 0.546271 0.052573 0.082468
10 0.078741 0.630704 0.036227 0.084824
10 0.167980 0.615387 0.030924 0.077755
10 0.124686 0.802315 0.053013 0.115454
10 0.175271 0.809773 0.039318 0.092676
10 0.223206 0.854935 0.037109 0.071472
10 0.246400 0.632273 0.046388 0.091111
10 0.345139 0.561194 0.053898 0.101315
10 0.336525 0.750083 0.041971 0.065972
10 0.384900 0.886352 0.037112 0.090324
10 0.244853 0.985704 0.039763 0.026704
10 0.382691 0.812523 0.034461 0.046343
10 0.402350 0.755975 0.034018 0.060477
10 0.427311 0.671937 0.033576 0.060477
10 0.453378 0.796424 0.045062 0.083255
10 0.516996 0.896169 0.045945 0.091106
10 0.497557 0.601250 0.053016 0.079324
10 0.617501 0.726523 0.051690 0.075398
10 0.659251 0.668794 0.036227 0.069903
10 0.691060 0.957824 0.034458 0.074611
10 0.738111 0.802312 0.050805 0.099745
10 0.799962 0.508572 0.046388 0.082468
10 0.648207 0.476764 0.040643 0.075398
10 0.688632 0.270595 0.038435 0.055764
10 0.712708 0.203051 0.037995 0.066759
10 0.748052 0.296514 0.037109 0.093463
10 0.791789 0.346387 0.054781 0.081681
10 0.535551 0.320074 0.053898 0.080898
10 0.407431 0.454771 0.046831 0.081681
10 0.295438 0.410005 0.033135 0.087963
10 0.234250 0.422178 0.046828 0.060477
10 0.233366 0.489329 0.051247 0.070685
10 0.301622 0.142965 0.048156 0.078542
10 0.345359 0.283162 0.044620 0.106028
10 0.405664 0.171632 0.056547 0.131162
10 0.471712 0.175560 0.043737 0.062046
10 0.482315 0.285125 0.049922 0.080111
10 0.553221 0.151213 0.032693 0.057333
10 0.609771 0.130007 0.045948 0.090319
10 0.671180 0.114301 0.040646 0.062046
