10 0.229247 0.632481 0.042500 0.080620
10 0.229431 0.013421 0.024023 0.026843
10 0.469934 0.063192 0.037826 0.078153
10 0.500604 0.151796 0.073609 0.088148
10 0.588055 0.162947 0.037932 0.048171
10 0.468405 0.268669 0.032513 0.060847
10 0.701858 0.163454 0.046492 0.080620
10 0.704283 0.021984 0.040503 0.042088
10 0.803539 0.315063 0.041073 0.073523
10 0.803254 0.489745 0.034227 0.077074
10 0.680751 0.450956 0.042497 0.064394
10 0.650661 0.346502 0.031375 0.060338
10 0.589195 0.614229 0.043068 0.077579
10 0.470973 0.519914 0.038789 0.083662
10 0.415211 0.404560 0.046490 0.104454
10 0.354745 0.636539 0.031661 0.052227
10 0.270889 0.693581 0.034513 0.062875
10 0.111594 0.703472 0.029094 0.074537
10 0.079650 0.914153 0.030232 0.065917
10 0.050129 0.937731 0.033372 0.078593
10 0.171918 0.897167 0.032232 0.065407
10 0.406370 0.859391 0.043068 0.077069
10 0.005923 0.380810 0.011846 0.064769
