10 0.659620 0.182688 0.039271 0.063949
10 0.115600 0.238718 0.029701 0.064537
10 0.261629 0.041005 0.049831 0.079787
10 0.335549 0.057433 0.034651 0.061014
10 0.351227 0.180634 0.048182 0.066880
10 0.348255 0.665528 0.050161 0.079204
10 0.277469 0.808093 0.032672 0.053389
10 0.525637 0.759986 0.059732 0.090935
10 0.579262 0.829213 0.036961 0.073333
10 0.552366 0.856493 0.030690 0.048106
10 0.623814 0.570486 0.041581 0.061602
10 0.713906 0.526486 0.046203 0.082722
10 0.925112 0.710995 0.038281 0.068056
10 0.562927 0.351067 0.053792 0.085069
10 0.610284 0.313225 0.044880 0.066884
10 0.651039 0.119329 0.041250 0.069815
10 0.043393 0.737162 0.042901 0.060426
10 0.298681 0.968815 0.034206 0.050231
