10 0.474167 0.845498 0.047630 0.083162
10 0.140323 0.217431 0.046344 0.065296
10 0.342216 0.314060 0.052260 0.067491
10 0.232870 0.561289 0.041359 0.071495
10 0.270233 0.590192 0.044779 0.077579
10 0.311021 0.687294 0.041927 0.060847
10 0.255117 0.719241 0.051625 0.083157
10 0.344105 0.736222 0.037935 0.060333
10 0.313017 0.836370 0.034513 0.072000
10 0.348099 0.842963 0.037365 0.054759
10 0.227309 0.828512 0.034227 0.076569
10 0.521070 0.870345 0.050797 0.064903
10 0.534475 0.766396 0.034826 0.080116
10 0.353947 0.547600 0.025669 0.052227
10 0.548609 0.565095 0.035083 0.067949
10 0.463043 0.359988 0.031659 0.061356
10 0.473168 0.216493 0.030232 0.071495
10 0.763237 0.232211 0.047917 0.087718
10 0.809443 0.260606 0.043354 0.080620
10 0.767801 0.381030 0.033654 0.060847
10 0.886453 0.077049 0.043354 0.052227
10 0.989432 0.336157 0.021135 0.057296
10 0.920109 0.721523 0.046776 0.064398
10 0.156648 0.038829 0.043141 0.062130
