2 0.969251 0.215118 0.047633 0.086542
2 0.799393 0.144859 0.033500 0.096782
2 0.720613 0.059711 0.062289 0.077236
2 0.336664 0.279792 0.078516 0.098639
2 0.635815 0.274674 0.069620 0.069792
2 0.231451 0.344468 0.026172 0.093991
2 0.085671 0.193250 0.036117 0.102361
2 0.777671 0.652023 0.025648 0.081889
2 0.462815 0.829764 0.063859 0.067000
2 0.386392 0.776255 0.038737 0.080963
2 0.389794 0.716231 0.035073 0.059556
2 0.195857 0.708322 0.038734 0.086542
2 0.146914 0.756713 0.047635 0.082824
2 0.653848 0.761831 0.067055 0.085616
2 0.808292 0.556174 0.051297 0.087477
