2 0.849284 0.205847 0.046583 0.057019
2 0.118980 0.253303 0.033086 0.082144
2 0.178736 0.245444 0.044779 0.127269
2 0.263589 0.140484 0.049057 0.149579
2 0.178734 0.054537 0.029948 0.086204
2 0.525392 0.759146 0.049060 0.075551
2 0.327620 0.561343 0.045349 0.126259
2 0.457253 0.958620 0.041641 0.081130
2 0.458251 0.790025 0.046492 0.066421
2 0.402775 0.979058 0.054763 0.041884
2 0.268723 0.979157 0.060466 0.041074
2 0.515184 0.306650 0.053456 0.068560
2 0.633551 0.171227 0.041237 0.090963
2 0.812629 0.246914 0.047346 0.045477
