2 0.851353 0.244192 0.044846 0.064782
2 0.762357 0.221144 0.079885 0.145759
2 0.693333 0.140169 0.049755 0.085958
2 0.635137 0.123352 0.054029 0.054815
2 0.514992 0.645331 0.050453 0.102153
2 0.489764 0.776762 0.054659 0.148245
2 0.237845 0.721947 0.053956 0.046097
2 0.194749 0.806660 0.060263 0.053569
2 0.232940 0.839051 0.024526 0.051074
2 0.727671 0.984618 0.046951 0.030764
2 0.735728 0.046736 0.042044 0.046093
2 0.787935 0.125218 0.055359 0.100907
2 0.643546 0.013713 0.058232 0.027426
2 0.888493 0.078502 0.039242 0.087208
2 0.910215 0.036146 0.025227 0.064782
2 0.743788 0.397421 0.052555 0.089694
2 0.578059 0.343852 0.039242 0.089694
2 0.533211 0.366900 0.065870 0.100912
2 0.849250 0.402405 0.091099 0.087208
