2 0.588921 0.266613 0.065169 0.072255
2 0.201757 0.392437 0.042044 0.067273
2 0.135185 0.115252 0.025229 0.056060
2 0.457531 0.628514 0.035036 0.088454
2 0.541271 0.627269 0.041344 0.063537
2 0.712954 0.566847 0.035737 0.104648
2 0.793190 0.383720 0.053255 0.069764
2 0.844346 0.420468 0.063068 0.073500
2 0.812111 0.242322 0.043445 0.103403
2 0.844345 0.216160 0.030831 0.105894
2 0.847148 0.309595 0.036438 0.051079
2 0.715757 0.190000 0.031534 0.095926
2 0.666706 0.029917 0.041344 0.057306
2 0.296007 0.944942 0.060966 0.056060
2 0.340855 0.983373 0.045549 0.033255
2 0.373440 0.544424 0.050453 0.079727
