2 0.981134 0.196970 0.037164 0.058625
2 0.991889 0.895697 0.016221 0.066264
2 0.918582 0.075067 0.049206 0.053042
2 0.962029 0.151838 0.046063 0.057694
2 0.472866 0.755317 0.069617 0.114458
2 0.390160 0.686454 0.045539 0.053046
2 0.216115 0.575250 0.046062 0.107944
2 0.318478 0.237134 0.060039 0.068380
2 0.428237 0.101213 0.037526 0.126750
2 0.518296 0.081201 0.037523 0.076718
2 0.580697 0.273280 0.035070 0.075375
2 0.454546 0.515694 0.052867 0.067000
2 0.869901 0.303988 0.067000 0.069792
2 0.914918 0.524069 0.031409 0.053972
2 0.825671 0.693898 0.043445 0.086546
2 0.975115 0.710650 0.033500 0.054903
2 0.619349 0.967676 0.061760 0.063981
2 0.900520 0.870563 0.059831 0.079977
