2 0.434578 0.962176 0.038948 0.073315
2 0.101905 0.182394 0.030690 0.048694
2 0.294465 0.241062 0.048841 0.115579
2 0.321690 0.351067 0.051813 0.066884
2 0.268835 0.425493 0.027372 0.104625
2 0.324263 0.534373 0.049271 0.098542
2 0.297233 0.627440 0.048586 0.119222
2 0.341370 0.446174 0.053375 0.055958
2 0.361898 0.510650 0.042427 0.068125
2 0.372164 0.390213 0.035583 0.145981
2 0.425539 0.033766 0.054745 0.055958
2 0.450859 0.087294 0.046531 0.080292
2 0.494313 0.077560 0.043109 0.119222
2 0.643492 0.045472 0.044479 0.090944
2 0.550426 0.309921 0.071852 0.068130
2 0.618520 0.264313 0.042440 0.066931
2 0.440688 0.465627 0.032073 0.090282
2 0.470089 0.550139 0.048109 0.065167
2 0.508082 0.551155 0.036273 0.053625
2 0.532901 0.449336 0.063766 0.079421
2 0.583301 0.492780 0.054602 0.075347
2 0.658714 0.473093 0.044292 0.099787
2 0.625493 0.384838 0.033602 0.095694
2 0.658141 0.327491 0.038563 0.126259
2 0.701479 0.544708 0.040474 0.062454
2 0.691359 0.610553 0.040094 0.063810
2 0.682005 0.688954 0.032073 0.088926
2 0.618812 0.604444 0.063766 0.054306
2 0.623966 0.749708 0.079422 0.063806
2 0.546646 0.646868 0.073693 0.094356
2 0.511897 0.677757 0.035513 0.066523
2 0.442979 0.628882 0.045818 0.066523
2 0.470280 0.585438 0.025581 0.033940
2 0.481926 0.631595 0.036654 0.070597
2 0.437634 0.722556 0.021383 0.061093
2 0.418733 0.852208 0.053076 0.061093
2 0.456725 0.858657 0.025201 0.065843
2 0.501208 0.903799 0.053839 0.074671
2 0.817784 0.298572 0.035130 0.097069
