2 0.218993 0.689245 0.030362 0.079102
2 0.023721 0.319343 0.047161 0.094917
2 0.155395 0.185806 0.032977 0.144241
2 0.184184 0.249549 0.042398 0.061421
2 0.181828 0.330975 0.051297 0.080958
2 0.146496 0.362148 0.020414 0.055833
2 0.227630 0.492431 0.063339 0.048389
2 0.321850 0.300731 0.032977 0.078167
2 0.133148 0.532444 0.054437 0.067000
2 0.165340 0.572458 0.052867 0.067000
2 0.184707 0.739032 0.034023 0.078167
2 0.173977 0.651093 0.041875 0.088407
2 0.562375 0.415657 0.051297 0.140519
2 0.602655 0.488708 0.062867 0.072583
2 0.697163 0.576181 0.048680 0.085611
2 0.758118 0.472887 0.069148 0.098644
2 0.903926 0.488706 0.038211 0.119116
2 0.955484 0.404956 0.042922 0.173088
2 0.847132 0.065762 0.037690 0.069792
2 0.751340 0.034123 0.041878 0.045597
2 0.790861 0.016440 0.036117 0.032574
2 0.631733 0.046220 0.043445 0.073514
2 0.964249 0.919477 0.030112 0.145306
2 0.282663 0.074840 0.028216 0.053847
