2 0.780208 0.214294 0.064125 0.072986
2 0.073073 0.066303 0.030891 0.053523
2 0.154402 0.182042 0.034799 0.084806
2 0.080501 0.230699 0.055914 0.141806
2 0.096142 0.288394 0.030888 0.075074
2 0.036319 0.361731 0.051221 0.116083
2 0.043944 0.418035 0.028154 0.053523
2 0.042182 0.476773 0.048094 0.066731
2 0.121167 0.383627 0.057479 0.065338
2 0.249221 0.543782 0.044573 0.125815
2 0.496141 0.575063 0.042620 0.107745
2 0.660363 0.748845 0.044966 0.078551
2 0.705917 0.459674 0.032844 0.070208
2 0.563199 0.268514 0.032846 0.072991
2 0.771997 0.316477 0.059432 0.104963
2 0.929573 0.400588 0.043792 0.066037
2 0.672486 0.028002 0.039492 0.050745
2 0.555379 0.088132 0.051612 0.061171
2 0.848048 0.097861 0.041055 0.077852
2 0.790805 0.978000 0.062651 0.044000
