2 0.629741 0.901831 0.063591 0.077523
2 0.806893 0.916905 0.044818 0.122745
2 0.013171 0.851792 0.024242 0.079935
2 0.198521 0.232660 0.032099 0.080755
2 0.041962 0.396317 0.035128 0.078597
2 0.060132 0.569130 0.055721 0.101213
2 0.426243 0.551366 0.050268 0.087213
2 0.364469 0.690799 0.051479 0.077523
2 0.335095 0.054465 0.041185 0.077523
2 0.402322 0.072771 0.052086 0.142125
2 0.689701 0.117991 0.044214 0.068907
2 0.739667 0.234813 0.059354 0.061375
2 0.986419 0.115299 0.027161 0.054912
2 0.828060 0.558363 0.063047 0.096903
2 0.544345 0.710715 0.026044 0.059218
2 0.510398 0.817308 0.061229 0.134588
2 0.404743 0.937900 0.066622 0.050606
2 0.558880 0.936822 0.082974 0.069986
