2 0.349659 0.960683 0.043911 0.064486
2 0.112564 0.295035 0.030518 0.089745
2 0.188147 0.282104 0.042497 0.120681
2 0.183155 0.076037 0.027096 0.085185
2 0.270005 0.155898 0.034797 0.091778
2 0.292966 0.223083 0.022531 0.066935
2 0.330329 0.565347 0.047633 0.121694
2 0.456682 0.790227 0.047063 0.064398
2 0.518004 0.757523 0.053336 0.066935
2 0.455398 0.957356 0.042214 0.085287
2 0.408052 0.977588 0.054193 0.042593
2 0.272602 0.966546 0.062911 0.064398
2 0.591572 0.629859 0.069299 0.137282
2 0.528704 0.324785 0.052471 0.082134
2 0.634473 0.174593 0.040919 0.091519
2 0.535139 0.046400 0.050820 0.063949
2 0.853599 0.185153 0.034979 0.075093
2 0.815978 0.262887 0.046862 0.051042
