2 0.622208 0.586157 0.047651 0.138278
2 0.783730 0.565602 0.052555 0.084713
2 0.676484 0.482757 0.087656 0.108384
2 0.625711 0.208687 0.046250 0.145755
2 0.536014 0.183148 0.051857 0.064778
2 0.492568 0.220521 0.043448 0.062292
2 0.463137 0.531965 0.033638 0.102153
2 0.417939 0.594255 0.049753 0.059796
2 0.410230 0.645331 0.059565 0.069764
2 0.407076 0.500199 0.033635 0.068519
2 0.240297 0.361294 0.030833 0.107134
2 0.382551 0.518264 0.051857 0.112120
2 0.512539 0.948056 0.037141 0.092185
2 0.553184 0.900093 0.067971 0.095926
2 0.341206 0.885769 0.037839 0.134546
2 0.066512 0.576815 0.050456 0.084713
2 0.075971 0.495215 0.045547 0.068514
2 0.079125 0.333887 0.049052 0.077236
2 0.452625 0.426074 0.043448 0.077241
2 0.449473 0.062931 0.034336 0.051074
2 0.414435 0.130204 0.037141 0.100907
2 0.362228 0.269729 0.040643 0.063532
2 0.273934 0.180655 0.067273 0.062292
2 0.204909 0.189377 0.038542 0.064782
2 0.212267 0.073521 0.039242 0.072255
2 0.213319 0.290907 0.035737 0.078481
