2 0.554366 0.031097 0.060190 0.062194
2 0.588311 0.061687 0.051055 0.095329
2 0.380383 0.344877 0.034516 0.112060
2 0.253891 0.262227 0.037651 0.128287
2 0.296103 0.226479 0.041070 0.120681
2 0.331898 0.218375 0.035651 0.105454
2 0.363401 0.247016 0.063917 0.074542
2 0.213104 0.342343 0.025099 0.049185
2 0.164309 0.405873 0.048810 0.063986
2 0.134974 0.426713 0.033526 0.082870
2 0.182921 0.502965 0.042154 0.068847
2 0.216077 0.419238 0.031555 0.101236
2 0.232951 0.474019 0.034292 0.107370
2 0.124083 0.597350 0.047297 0.085977
2 0.166589 0.610417 0.038990 0.108324
2 0.140063 0.710410 0.044740 0.059847
2 0.198013 0.683896 0.031531 0.100755
2 0.243286 0.781616 0.036432 0.154537
2 0.199612 0.810972 0.036432 0.126130
2 0.615156 0.605711 0.027604 0.098144
2 0.323928 0.797146 0.063065 0.062875
2 0.391361 0.816463 0.075633 0.068176
2 0.309760 0.866081 0.041120 0.084088
2 0.361000 0.878201 0.043036 0.059088
2 0.430243 0.936722 0.069883 0.105676
2 0.122158 0.958961 0.053758 0.082079
2 0.711901 0.828472 0.077125 0.060602
2 0.722660 0.747604 0.037284 0.101884
2 0.791904 0.818623 0.045807 0.077264
2 0.846227 0.725824 0.044943 0.061361
2 0.765844 0.391104 0.053000 0.066171
2 0.739714 0.334792 0.047083 0.090278
2 0.713461 0.174176 0.037964 0.062667
2 0.728253 0.021887 0.034510 0.042949
2 0.768432 0.086745 0.050781 0.092028
2 0.823105 0.140479 0.062055 0.060560
2 0.808743 0.219537 0.050638 0.101481
2 0.837930 0.259965 0.051557 0.076273
2 0.574518 0.644331 0.035271 0.082699
2 0.557905 0.750199 0.034758 0.105417
2 0.552283 0.841981 0.083831 0.069065
2 0.104150 0.200368 0.029664 0.054255
2 0.152495 0.162338 0.047630 0.060343
2 0.283553 0.018840 0.050201 0.037014
2 0.451548 0.185407 0.029664 0.032454
2 0.481781 0.036333 0.047917 0.069972
2 0.399699 0.509384 0.055716 0.119954
2 0.428837 0.615706 0.048560 0.058162
2 0.520335 0.534829 0.067987 0.061796
2 0.561740 0.438956 0.072073 0.075421
2 0.578608 0.232218 0.054695 0.070880
2 0.673939 0.347627 0.072586 0.061792
