2 0.939996 0.580502 0.048862 0.074801
2 0.791607 0.268039 0.037099 0.101338
2 0.813773 0.142977 0.058813 0.076407
2 0.905160 0.088285 0.034383 0.084449
2 0.283621 0.385306 0.079216 0.139139
2 0.825990 0.790419 0.052479 0.094097
2 0.745421 0.777903 0.047846 0.082907
2 0.791146 0.613164 0.043604 0.054912
2 0.666081 0.747215 0.035734 0.071060
2 0.350236 0.466734 0.076310 0.069986
2 0.181563 0.054896 0.032099 0.077523
2 0.332672 0.722451 0.037552 0.053838
2 0.191254 0.831736 0.044211 0.082907
2 0.153400 0.745602 0.035128 0.057065
2 0.248488 0.494729 0.052086 0.104440
2 0.566148 0.560407 0.059958 0.063528
2 0.618536 0.312766 0.038760 0.076449
2 0.496802 0.455968 0.037552 0.072139
2 0.849741 0.971414 0.061982 0.057171
2 0.854039 0.593773 0.033479 0.062731
