2 0.488275 0.105215 0.052534 0.108403
2 0.258439 0.732289 0.043154 0.121745
2 0.184797 0.707273 0.038464 0.071713
2 0.393995 0.157752 0.047844 0.150097
2 0.411352 0.781491 0.063792 0.083389
2 0.466652 0.811507 0.045122 0.093394
2 0.517779 0.876551 0.104224 0.080056
2 0.250465 0.967461 0.034711 0.065079
2 0.686686 0.255315 0.049721 0.115074
2 0.690439 0.031836 0.075987 0.055032
2 0.920745 0.322859 0.033771 0.076718
2 0.917012 0.834229 0.036117 0.064208
2 0.951009 0.911002 0.041404 0.074449
2 0.074435 0.020329 0.041182 0.039463
