2 0.815063 0.333926 0.086135 0.080620
2 0.076645 0.111447 0.044982 0.054523
2 0.098879 0.308644 0.058784 0.069065
2 0.104758 0.403153 0.034760 0.114500
2 0.265264 0.246850 0.059294 0.059977
2 0.201624 0.275931 0.034247 0.101778
2 0.366219 0.296375 0.062875 0.075426
2 0.230479 0.343632 0.063438 0.117227
2 0.242747 0.416785 0.057302 0.079968
2 0.175273 0.496296 0.044010 0.082694
2 0.237477 0.067975 0.059354 0.070986
2 0.258598 0.012706 0.037648 0.024338
2 0.420318 0.019789 0.056474 0.039579
2 0.430443 0.077863 0.052766 0.075551
2 0.518133 0.048961 0.057073 0.084681
2 0.567333 0.048199 0.056219 0.083157
2 0.670156 0.012199 0.035396 0.023324
2 0.720783 0.099917 0.050513 0.059833
2 0.673878 0.142259 0.049630 0.136398
2 0.645780 0.166090 0.043643 0.101921
2 0.567633 0.156201 0.082427 0.101412
2 0.500178 0.245951 0.035367 0.097356
2 0.552516 0.404407 0.029948 0.095833
2 0.499609 0.461958 0.049625 0.070991
2 0.591008 0.449537 0.066484 0.095833
2 0.607691 0.510130 0.032544 0.096343
2 0.709103 0.398831 0.057331 0.077579
2 0.755451 0.458407 0.053620 0.077074
2 0.802655 0.414803 0.031091 0.088227
2 0.842715 0.377787 0.038247 0.095324
2 0.697660 0.627009 0.039935 0.131907
2 0.809083 0.722984 0.044865 0.049523
2 0.764711 0.806468 0.107479 0.077130
2 0.815616 0.918660 0.054971 0.134977
2 0.709616 0.961389 0.032294 0.075815
2 0.661547 0.931806 0.034266 0.099917
2 0.675598 0.827285 0.043138 0.100356
2 0.580814 0.694935 0.054232 0.102111
2 0.525595 0.811947 0.071982 0.063542
2 0.467789 0.760671 0.038703 0.081074
2 0.443384 0.693185 0.064831 0.075815
2 0.403943 0.876808 0.049057 0.125773
2 0.305707 0.914495 0.061628 0.156454
2 0.231384 0.889079 0.050534 0.076694
2 0.148320 0.710350 0.041943 0.095042
2 0.178846 0.791019 0.041615 0.137870
2 0.223743 0.588028 0.030362 0.113231
2 0.329165 0.592722 0.051846 0.095630
2 0.894850 0.695095 0.039930 0.127310
