2 0.153815 0.745317 0.042240 0.073921
2 0.201007 0.644407 0.087784 0.076269
2 0.216846 0.556113 0.032339 0.106190
2 0.259913 0.403280 0.052471 0.088005
2 0.362710 0.329947 0.046862 0.109125
2 0.490754 0.297090 0.032341 0.065708
2 0.532336 0.387148 0.059401 0.117926
2 0.648168 0.352241 0.047523 0.085657
2 0.607411 0.510352 0.032010 0.095630
2 0.497849 0.599525 0.049833 0.067468
2 0.567661 0.671396 0.055474 0.091523
2 0.697372 0.628273 0.042901 0.133176
2 0.652327 0.787264 0.038612 0.100324
2 0.527220 0.811905 0.068310 0.065125
2 0.466828 0.760572 0.037292 0.082134
2 0.442904 0.696035 0.062042 0.077440
2 0.380531 0.793720 0.054120 0.122616
2 0.327070 0.680488 0.050161 0.067468
2 0.389111 0.576937 0.058742 0.086829
2 0.240845 0.936076 0.032164 0.125301
2 0.629189 0.975007 0.046534 0.049875
2 0.763997 0.802257 0.106750 0.074208
2 0.711648 0.957366 0.034901 0.077861
2 0.814635 0.918438 0.054745 0.138690
2 0.809504 0.723792 0.044482 0.053528
2 0.896753 0.695201 0.041057 0.137468
2 0.757154 0.458581 0.060219 0.080292
2 0.833797 0.378900 0.036953 0.086375
2 0.889227 0.378900 0.047901 0.118005
2 0.781854 0.116042 0.049500 0.061602
2 0.742913 0.178523 0.063362 0.061019
2 0.701497 0.063826 0.048510 0.113227
2 0.162007 0.219280 0.026555 0.049181
2 0.046561 0.632382 0.049503 0.054560
2 0.088473 0.652620 0.046201 0.114991
2 0.174936 0.497150 0.041581 0.080958
2 0.201831 0.279785 0.032672 0.092106
2 0.104148 0.400935 0.034651 0.117333
2 0.098372 0.310586 0.062042 0.070403
