3 0.299118 0.628333 0.044221 0.113815
3 0.405215 0.427981 0.045872 0.082722
3 0.188234 0.284829 0.028380 0.045176
3 0.286413 0.230269 0.038612 0.062778
3 0.283441 0.364618 0.057091 0.085069
3 0.169919 0.472569 0.051813 0.107361
3 0.361820 0.359046 0.045542 0.077444
3 0.505374 0.346431 0.060721 0.095630
3 0.473857 0.630972 0.055771 0.079204
3 0.382611 0.731882 0.022440 0.074505
3 0.251100 0.813725 0.059732 0.095042
3 0.208531 0.739215 0.037292 0.130245
3 0.469568 0.799058 0.043891 0.079792
3 0.344329 0.164854 0.019799 0.051625
3 0.417096 0.178347 0.049172 0.127898
3 0.559164 0.126132 0.075901 0.112644
3 0.658003 0.209729 0.055771 0.137884
3 0.753375 0.369312 0.068312 0.244644
3 0.548539 0.470516 0.064682 0.106190
3 0.669982 0.598706 0.040922 0.079792
3 0.588634 0.769428 0.060393 0.083310
3 0.711397 0.765910 0.062372 0.134940
3 0.666517 0.963037 0.033992 0.073926
3 0.780206 0.640653 0.038281 0.058083
3 0.414676 0.977458 0.061409 0.045083
3 0.215208 0.988063 0.020323 0.023875
