3 0.652690 0.786384 0.045542 0.106778
3 0.288939 0.117662 0.028357 0.045500
3 0.327699 0.033039 0.035539 0.053032
3 0.364807 0.054481 0.034979 0.099843
3 0.246678 0.202752 0.036961 0.090347
3 0.290557 0.418440 0.060214 0.048120
3 0.328582 0.516646 0.033513 0.098532
3 0.224176 0.522049 0.058924 0.084458
3 0.121111 0.521498 0.046862 0.095625
3 0.165035 0.891225 0.061711 0.051625
3 0.201336 0.939627 0.016828 0.036958
3 0.284168 0.955174 0.052471 0.052801
3 0.350004 0.906185 0.051482 0.101500
3 0.756461 0.068870 0.126427 0.136111
