3 0.531716 0.416414 0.124094 0.196856
3 0.634620 0.448317 0.051167 0.120829
3 0.795561 0.514840 0.050784 0.156125
3 0.857609 0.473773 0.032839 0.088926
3 0.880710 0.647887 0.055367 0.105894
3 0.938366 0.639741 0.047727 0.092315
3 0.909348 0.767697 0.022529 0.069921
3 0.803013 0.229063 0.065661 0.095032
3 0.475431 0.692569 0.033023 0.125370
3 0.429199 0.767565 0.032596 0.045833
3 0.197289 0.550086 0.042812 0.079606
3 0.324910 0.101389 0.036794 0.065407
3 0.455870 0.244938 0.055646 0.093810
3 0.403547 0.162287 0.056474 0.098880
3 0.524008 0.770405 0.081172 0.103023
