3 0.024290 0.724782 0.031060 0.049083
3 0.174786 0.766414 0.041661 0.079764
3 0.246643 0.932727 0.064094 0.099481
3 0.149395 0.986630 0.037716 0.026731
3 0.375482 0.149894 0.063031 0.065120
3 0.566150 0.734148 0.060753 0.055269
3 0.448211 0.508000 0.034797 0.066426
3 0.847173 0.028389 0.057763 0.052704
3 0.450065 0.712090 0.021391 0.050708
3 0.341986 0.219708 0.068643 0.116750
3 0.159655 0.157521 0.049831 0.110884
3 0.170382 0.198294 0.033003 0.043412
3 0.252158 0.418887 0.059404 0.095042
3 0.195065 0.564972 0.048182 0.097389
3 0.090453 0.422995 0.050823 0.093870
3 0.082198 0.446461 0.027729 0.051625
3 0.055723 0.699144 0.037716 0.078444
