4 0.542533 0.434609 0.028711 0.055736
4 0.665461 0.301727 0.029042 0.064537
4 0.777993 0.170310 0.030362 0.055148
4 0.877492 0.159162 0.020130 0.041065
4 0.799608 0.135109 0.028711 0.049282
4 0.953228 0.231912 0.025742 0.055148
4 0.954548 0.369782 0.027721 0.068056
4 0.911977 0.401169 0.021781 0.069819
4 0.906698 0.339859 0.028380 0.044588
4 0.840370 0.450745 0.033010 0.059843
4 0.815875 0.775505 0.041240 0.063130
4 0.905987 0.665875 0.036656 0.061093
4 0.963643 0.763623 0.034365 0.059736
4 0.126061 0.577174 0.021451 0.046347
4 0.425708 0.555468 0.027391 0.062778
4 0.346837 0.726192 0.031352 0.059255
4 0.242555 0.794833 0.034651 0.042824
4 0.175728 0.965264 0.023102 0.053972
4 0.150977 0.951477 0.025740 0.048694
4 0.092066 0.901315 0.020799 0.079787
4 0.425544 0.423169 0.038281 0.057495
