4 0.146596 0.325273 0.029188 0.074519
4 0.054982 0.466218 0.026130 0.059602
4 0.164434 0.576873 0.032539 0.069681
4 0.178115 0.538748 0.029828 0.057412
4 0.102188 0.575340 0.026870 0.063986
4 0.124116 0.607771 0.029852 0.065736
4 0.095902 0.654225 0.025143 0.059597
4 0.069772 0.668907 0.031555 0.053028
4 0.006160 0.717988 0.010872 0.053023
4 0.082839 0.836313 0.029089 0.054782
4 0.110324 0.823824 0.030815 0.050833
4 0.021210 0.948285 0.028102 0.057847
4 0.263283 0.651595 0.036977 0.055218
4 0.306423 0.695856 0.037471 0.058722
4 0.304698 0.632313 0.027609 0.078005
4 0.319980 0.582352 0.040919 0.054343
4 0.355354 0.670000 0.029828 0.074500
4 0.444210 0.762250 0.050805 0.042509
4 0.322383 0.433262 0.022109 0.085069
4 0.347793 0.092391 0.040591 0.042810
4 0.575780 0.700563 0.030039 0.061356
4 0.619882 0.732944 0.037711 0.056435
4 0.691362 0.834266 0.028974 0.047727
4 0.758900 0.773285 0.044742 0.058329
4 0.870009 0.892028 0.037284 0.048102
4 0.848596 0.935583 0.024714 0.064009
4 0.710233 0.962222 0.028716 0.047907
