4 0.182957 0.799405 0.030805 0.054764
4 0.130112 0.282653 0.032714 0.059065
4 0.072927 0.393769 0.031307 0.045593
4 0.030529 0.474634 0.026870 0.063546
4 0.093020 0.499833 0.019721 0.079759
4 0.120368 0.539713 0.032070 0.063981
4 0.041124 0.646863 0.025893 0.077569
4 0.085411 0.940875 0.038219 0.054759
4 0.040632 0.983620 0.027951 0.032759
4 0.171262 0.841745 0.029091 0.049185
4 0.282266 0.592090 0.036656 0.066523
4 0.297158 0.679995 0.038945 0.076704
4 0.240839 0.425780 0.035510 0.057023
4 0.345268 0.474315 0.035130 0.052269
4 0.434426 0.547627 0.037039 0.054986
4 0.222891 0.016458 0.029401 0.028509
4 0.464591 0.841891 0.033984 0.055662
4 0.539238 0.952537 0.023674 0.069241
4 0.707818 0.922669 0.041620 0.058375
4 0.594768 0.444715 0.028057 0.064477
