4 0.545490 0.684035 0.031813 0.057329
4 0.337605 0.089873 0.037596 0.051838
4 0.314214 0.435843 0.025182 0.085611
4 0.143905 0.325887 0.023857 0.069903
4 0.054884 0.466475 0.028716 0.054190
4 0.069020 0.670287 0.031367 0.054981
4 0.094423 0.654579 0.025622 0.058120
4 0.099504 0.576431 0.026951 0.062046
4 0.123361 0.605493 0.028716 0.055764
4 0.007810 0.720160 0.013297 0.054190
4 0.021529 0.949891 0.027391 0.051838
4 0.110107 0.824227 0.026948 0.048694
4 0.084040 0.833650 0.026065 0.051838
4 0.262082 0.651829 0.036669 0.057333
4 0.321944 0.580752 0.041529 0.047125
4 0.303389 0.631410 0.023857 0.068329
4 0.305158 0.696991 0.036227 0.058120
4 0.352650 0.669894 0.029602 0.076185
4 0.443216 0.766498 0.047271 0.043199
4 0.617281 0.740583 0.042854 0.051056
4 0.710279 0.965600 0.028276 0.051838
4 0.692164 0.837579 0.027391 0.050269
4 0.759095 0.776711 0.043737 0.060477
4 0.866888 0.890984 0.045495 0.051838
4 0.849000 0.933789 0.024740 0.068329
