4 0.544562 0.481868 0.022974 0.056551
4 0.783770 0.346778 0.032294 0.062833
4 0.698527 0.464984 0.026065 0.077755
4 0.177656 0.317326 0.032250 0.049477
4 0.827089 0.111549 0.027833 0.060477
4 0.952313 0.490113 0.029203 0.060477
4 0.960286 0.593789 0.030042 0.074616
4 0.964926 0.755188 0.029602 0.069116
4 0.826204 0.834123 0.035784 0.051051
4 0.471082 0.957627 0.033982 0.058375
4 0.412852 0.985942 0.034365 0.028116
4 0.899983 0.266275 0.027831 0.054190
4 0.173460 0.606748 0.042414 0.064403
4 0.226254 0.589470 0.036669 0.059690
4 0.232880 0.673900 0.030484 0.046338
4 0.539040 0.600072 0.031367 0.055764
4 0.526449 0.553731 0.033576 0.049481
4 0.573279 0.442597 0.035344 0.067546
4 0.220289 0.129222 0.026505 0.054981
