4 0.122432 0.605204 0.030234 0.061352
4 0.096035 0.655910 0.025414 0.063384
4 0.068526 0.669852 0.031943 0.054759
4 0.110310 0.826787 0.027667 0.049185
4 0.083357 0.836685 0.027953 0.055796
4 0.020751 0.948481 0.027664 0.060343
4 0.325402 0.149887 0.034810 0.068153
4 0.260803 0.659252 0.035310 0.061014
4 0.320040 0.534287 0.040919 0.053972
4 0.307500 0.623169 0.032339 0.072162
4 0.341326 0.668051 0.031349 0.072750
4 0.540091 0.734292 0.038208 0.049519
4 0.536270 0.680169 0.031555 0.055218
4 0.541076 0.618157 0.036729 0.070556
4 0.710552 0.934350 0.033031 0.060477
4 0.057318 0.466127 0.028125 0.060884
4 0.763430 0.820843 0.037224 0.078009
4 0.873299 0.891928 0.039760 0.055764
4 0.429646 0.471113 0.041057 0.042579
4 0.851430 0.928840 0.029599 0.060477
4 0.138060 0.335269 0.030208 0.075426
4 0.546595 0.541639 0.031367 0.079324
4 0.101184 0.577822 0.023674 0.061356
