4 0.796243 0.691106 0.025742 0.074509
4 0.086047 0.580225 0.029073 0.068644
4 0.062138 0.620706 0.025411 0.059255
4 0.085074 0.791431 0.032341 0.061602
4 0.134410 0.724255 0.030690 0.050454
4 0.173352 0.668815 0.031349 0.044000
4 0.224172 0.784977 0.034651 0.062778
4 0.157016 0.861245 0.027719 0.056907
4 0.257651 0.600174 0.034354 0.059255
4 0.294794 0.609558 0.029370 0.070986
4 0.284234 0.845111 0.032672 0.055148
4 0.120368 0.965382 0.040956 0.058671
4 0.483724 0.616014 0.029042 0.056907
4 0.567878 0.504544 0.036302 0.063949
4 0.625298 0.510118 0.033003 0.073921
4 0.632888 0.585505 0.031021 0.053389
4 0.935837 0.973007 0.032341 0.052801
4 0.635113 0.343931 0.036138 0.056778
4 0.363337 0.387322 0.043893 0.065708
4 0.239914 0.398764 0.023432 0.068639
4 0.056620 0.560875 0.031125 0.053028
4 0.041813 0.497241 0.029208 0.057574
4 0.056473 0.242910 0.028560 0.054014
4 0.098004 0.306417 0.037195 0.048778
