0 0.407392 0.688185 0.037211 0.112120
0 0.360827 0.743002 0.032237 0.044847
0 0.394464 0.883958 0.046250 0.232083
0 0.174779 0.842662 0.150661 0.313935
0 0.098395 0.947493 0.046951 0.105014
0 0.577324 0.919900 0.070143 0.156968
0 0.698238 0.890625 0.090398 0.175657
0 0.590673 0.360546 0.016820 0.094676
0 0.272676 0.380542 0.021081 0.053333
0 0.223626 0.682516 0.107826 0.207560
0 0.458751 0.539817 0.042971 0.072069
0 0.376862 0.414414 0.098104 0.080718
0 0.801310 0.312074 0.085943 0.069185
0 0.872660 0.490808 0.030810 0.054773
0 0.581271 0.544539 0.026349 0.162356
