0 0.605258 0.731123 0.075047 0.103403
0 0.416698 0.947097 0.067542 0.091722
0 0.548971 0.908734 0.039401 0.075060
0 0.929844 0.671919 0.050656 0.108403
0 0.036294 0.385898 0.070359 0.140093
0 0.168568 0.893729 0.066604 0.155097
0 0.058810 0.615215 0.040339 0.121745
0 0.099147 0.180766 0.045966 0.116745
0 0.801201 0.941053 0.050562 0.083282
0 0.469559 0.641634 0.046102 0.169213
0 0.279734 0.788660 0.061917 0.235153
0 0.348216 0.407579 0.103193 0.103398
0 0.661544 0.595201 0.112573 0.068375
0 0.627303 0.527574 0.032836 0.060204
