0 0.565275 0.946894 0.048758 0.081028
0 0.434370 0.982398 0.060417 0.035204
0 0.657490 0.394778 0.069958 0.133787
0 0.711548 0.583211 0.059357 0.182782
0 0.856762 0.356146 0.057237 0.097986
0 0.943146 0.147926 0.058297 0.103639
0 0.846691 0.484285 0.179133 0.101755
0 0.926717 0.668951 0.046638 0.105523
0 0.161964 0.144157 0.060417 0.069722
0 0.797932 0.944067 0.056177 0.090449
0 0.878490 0.845139 0.060417 0.111176
0 0.037366 0.391007 0.074305 0.156403
0 0.058565 0.619958 0.040385 0.124370
0 0.125872 0.631264 0.200438 0.531389
0 0.449845 0.627431 0.037273 0.163380
0 0.772146 0.061822 0.112469 0.113227
0 0.141823 0.863042 0.056177 0.177130
0 0.281207 0.789551 0.055117 0.218583
0 0.349048 0.393836 0.103883 0.105523
0 0.424301 0.061243 0.326466 0.122486
0 0.547784 0.248738 0.049818 0.094218
0 0.672329 0.791433 0.074195 0.094218
