0 0.153483 0.245914 0.041336 0.163940
0 0.155074 0.514433 0.042398 0.079144
0 0.132762 0.805567 0.046742 0.122486
0 0.291276 0.604882 0.041339 0.079144
0 0.346395 0.807451 0.064659 0.378755
0 0.405168 0.538931 0.112461 0.214815
0 0.478358 0.293021 0.114477 0.179014
0 0.538776 0.266641 0.122953 0.167708
0 0.419531 0.058419 0.043458 0.079144
0 0.344273 0.155463 0.043458 0.069722
0 0.689236 0.505954 0.110341 0.141324
0 0.705717 0.932752 0.113414 0.098005
0 0.736987 0.861155 0.097516 0.060301
0 0.166733 0.317519 0.048758 0.088565
