0 0.431079 0.979472 0.058138 0.041056
0 0.817892 0.971236 0.051367 0.057528
0 0.413663 0.126090 0.096003 0.201819
0 0.926229 0.455600 0.056130 0.220505
0 0.714600 0.492350 0.157039 0.530699
0 0.882115 0.603847 0.063068 0.135787
0 0.613732 0.960449 0.039234 0.079102
0 0.617582 0.918407 0.124034 0.064778
0 0.690461 0.830574 0.086193 0.061056
0 0.717089 0.791961 0.074979 0.033634
0 0.538747 0.679218 0.058865 0.191852
0 0.231118 0.745243 0.084091 0.147005
0 0.049974 0.425079 0.034339 0.119593
0 0.138268 0.484875 0.051156 0.109630
