0 0.880609 0.428694 0.043458 0.292074
0 0.912938 0.192204 0.080557 0.056519
0 0.160904 0.258162 0.045578 0.169593
0 0.257359 0.427752 0.056177 0.105523
0 0.161969 0.510653 0.047688 0.090472
0 0.122745 0.800856 0.045578 0.120602
0 0.349044 0.640687 0.046635 0.086681
0 0.422711 0.242144 0.043458 0.088565
0 0.455040 0.122488 0.055117 0.094218
0 0.614563 0.279831 0.170651 0.163940
0 0.593362 0.356146 0.149453 0.097986
0 0.700952 0.615248 0.059352 0.205394
0 0.758716 0.950662 0.162172 0.088565
0 0.932017 0.651049 0.033919 0.047106
0 0.938906 0.363685 0.028620 0.169593
0 0.496324 0.659530 0.097622 0.256273
0 0.374961 0.814988 0.105042 0.367449
