0 0.466035 0.866620 0.046029 0.219648
0 0.460585 0.975368 0.049664 0.047375
0 0.667715 0.704579 0.079945 0.074296
0 0.771887 0.587757 0.100539 0.055986
0 0.767949 0.411715 0.079341 0.074292
0 0.548706 0.495160 0.284047 0.191653
0 0.885268 0.406019 0.087594 0.174407
0 0.941678 0.659532 0.054659 0.103398
0 0.813094 0.966891 0.052042 0.066218
0 0.114095 0.482454 0.039367 0.118435
0 0.230984 0.599275 0.036943 0.104440
0 0.279133 0.894294 0.093271 0.121671
0 0.486566 0.580435 0.096299 0.155046
0 0.601669 0.768104 0.090906 0.097977
0 0.595947 0.832169 0.039367 0.062449
