10 0.8803185000000001 0.92661759375 0.23936299999999983 0.1467648125
10 0.19283600000000015 0.08081340625000007 0.21595200000000006 0.16162681250000013
10 0.11739800000000003 0.31396924999999987 0.20707799999999993 0.28396912500000016
10 0.26013200000000014 0.2533272499999999 0.20263800000000032 0.21002962499999994
10 0.4405760000000001 0.24518675000000023 0.1848779999999998 0.24699937500000005
10 0.615878 0.2104377499999998 0.23362199999999972 0.26328037500000007
10 0.781352 0.3633657499999998 0.21001800000000018 0.19967175000000026
10 0.5861179999999997 0.46320162499999995 0.19226400000000013 0.23368837499999984
10 0.40863200000000005 0.5349440000000001 0.24848399999999984 0.25292249999999966
10 0.9719550000000001 0.22832862499999998 0.05608999999999966 0.2115011250000002
10 0.671162 0.9540538125 0.23220600000000005 0.09189237500000011
