10 0.8902184999999999 0.398742625 0.21956300000000012 0.28407712499999993
10 0.6601579999999998 0.43883762499999984 0.27262800000000026 0.2817956249999998
10 0.15499399999999994 0.283047625 0.2978279999999998 0.33218774999999995
10 0.5960060000000003 0.702296875 0.20389199999999974 0.17640787499999994
10 0.768986 0.7504142500000001 0.19243799999999994 0.2772022499999999
10 0.502076 0.8872339374999999 0.19015800000000027 0.22553212499999997
10 0.22257800000000003 0.95939903125 0.27262800000000026 0.08120193749999985
10 0.8583259999999999 0.04473471875000001 0.21077999999999975 0.08946943750000003
10 0.5914280000000002 0.13407856249999997 0.31845599999999974 0.26815712499999994
10 0.779288 0.20744425 0.254298 0.1947341250000001
